TRAC
25041 43467 31334 26500 49
-40724 36478 -29358 26962 34
30705 -28145 48281 -41827 21
-25491 -27995 -36942 -29827 26
32391 64604 53902 50153 42
-62382 67421 -68716 69718 25
55447 -71726 64771 -61538 29
-69912 -50667 -51299 -67035 44
28703 48811 31322 30333 23
-29664 40141 -32711 28253 48
25547 -27644 32662 -32757 47
-37859 -33723 -34741 -27529 48
37316 53035 72190 51842 38
-55106 59040 -58942 69264 48
52446 -73805 65890 -56729 30
-65350 -65006 -56101 -74393 28
44629 37623 49084 44954 26
-36840 29966 -32376 38931 48
41944 -32439 49626 -36323 37
-46538 -41118 -27082 -47929 31
29833 56115 54639 54658 44
-59930 63977 -52306 56673 26
55021 -53745 51924 -69072 20
-55829 -51777 -65573 -55097 32
48986 38290 34161 43636 25
-49767 48655 -40574 29031 42
27350 -26150 41941 -46724 36
-28430 -31107 -30191 -43007 47
40457 62287 52753 60383 25
-58909 57209 -59758 74221 38
56422 -74946 52506 -63030 23
-54168 -50900 -57591 -68762 25
42410 31359 27624 45537 28
-31483 27595 -29041 28602 40
35291 -30836 34374 -36020 26
-49021 -27348 -48199 -44668 24
33281 54734 50053 51999 38
-52938 56900 -53788 68127 37
53728 -64893 74648 -72483 37
-52421 -64310 -56617 -72813 24
39309 32616 43935 42451 40
-30249 41519 -31556 47798 23
31224 -36008 30844 -32609 39
-32702 -28195 -45485 -28093 23
30523 51587 54314 59503 28
-50200 63458 -56618 70580 46
64798 -65281 69589 -70798 39
-52157 -70472 -73622 -68538 42
31038 49179 43190 29657 28
-31191 44815 -47888 44156 41
41202 -27634 49272 -45055 38
-47646 -26362 -29886 -43875 43
29869 70142 73844 51416 31
-56998 60322 -68651 60021 49
53557 -53476 52892 -74389 25
-60712 -52600 -52510 -71003 39
42861 39688 38401 34789 35
-41423 30002 -35585 49182 45
27088 -31426 28617 -48757 42
-30932 -29169 -27154 -25721 49
44976 56329 52368 53692 25
-60555 53434 -66549 57441 22
55145 -68060 71718 -53753 49
-62423 -66279 -50996 -66687 39
47549 42437 44866 37949 33
-48195 28297 -45416 28286 45
49488 -41282 37455 -25734 44
-36701 -31316 -45671 -30786 43
29313 74355 56185 70053 32
-60808 51832 -70945 54313 26
53321 -69558 73646 -52982 21
-54144 -73196 -70222 -57129 21
30535 45450 36173 35466 34
-46659 26292 -26439 42253 34
26154 -29510 29745 -45649 36
-33313 -29474 -28022 -27168 28
43787 59905 67958 57391 22
-53625 51477 -54414 59314 44
54334 -50874 74372 -70159 33
-53070 -57487 -53297 -57518 37
42773 32270 26763 27668 22
-38985 28102 -33480 29213 27
29802 -29099 30527 -27625 33
-26924 -36023 -29972 -38061 41
31003 52432 67505 52593 35
-63031 58492 -50142 67222 46
63064 -57900 69187 -58360 23
-55974 -64270 -54170 -50235 43
44711 25760 43896 29667 45
-37550 25140 -38694 27695 44
28019 -27125 26576 -46694 28
-26302 -42371 -47466 -29678 23
48851 50484 51018 53464 49
-73152 52800 -68087 56060 26
59010 -54757 57170 -70315 26
-55227 -62043 -72758 -57164 29
32882 42086 29565 28487 47
-39474 27625 -25627 30629 28
25423 -28520 31902 -39962 23
-49596 -28737 -38261 -35195 25
26264 58260 56202 58116 40
-70326 54011 -55771 56411 37
71153 -71520 54790 -64924 28
-71763 -54940 -70851 -68662 49
30900 42713 43958 42578 45
-38007 36477 -26200 26058 39
27303 -37760 44357 -27324 47
-30108 -46113 -39887 -44801 40
39460 72428 62993 52384 45
-56540 56111 -53704 62835 36
56072 -54350 68823 -64485 26
-73216 -51626 -59357 -58526 27
29337 48271 48869 29361 46
-38022 29617 -35112 37717 26
36585 -49041 49423 -49129 39
-29565 -31559 -33932 -47296 25
37053 66962 53584 54734 44
-66972 71457 -64369 72532 43
52607 -52483 50911 -61635 37
-72848 -54675 -62938 -52223 22
48754 31511 47741 45175 29
-42825 28221 -42870 26626 34
40205 -31783 48850 -42398 39
-47701 -37193 -37734 -26637 34
30556 51993 60176 50705 22
-60548 65881 -50300 64413 41
69855 -74855 63142 -61462 31
-55877 -70424 -57678 -51752 43
28296 37673 35040 34313 25
-45072 37818 -25610 26017 42
28112 -30695 38169 -48831 20
-26488 -28685 -44090 -44497 29
25990 65145 69353 69314 41
-51740 72044 -61258 50335 49
61192 -57605 50264 -62181 23
-53829 -73775 -70608 -54292 47
42549 29556 25561 31627 37
-29541 26129 -31240 27813 34
45601 -31077 45215 -33683 43
-48992 -25824 -30601 -48392 29
27670 51428 53027 54084 45
-68786 65498 -74970 56287 47
57604 -50503 71221 -72663 26
-52363 -59010 -72171 -52489 20
37164 25542 32619 45913 21
-31704 31818 -34232 25750 25
29975 -26539 25303 -36422 28
-36247 -38584 -38648 -27971 34
47913 61075 71545 53712 46
-68678 51769 -65262 58519 25
53289 -65944 52865 -68540 45
-50508 -53318 -52870 -59601 23
46132 49472 27152 25087 30
-29763 29901 -42103 39423 37
36600 -26969 39015 -30565 48
-46543 -25347 -27088 -27943 27
47409 51463 55049 54681 48
-61342 50608 -57060 71221 38
54954 -70888 64146 -50690 49
-62843 -71430 -50620 -50748 27
29536 45783 43035 32226 25
-32038 34853 -25629 36224 48
44923 -28359 32257 -49766 44
-39955 -48318 -32726 -25411 45
45355 56001 72549 59496 34
-59515 67964 -73342 58075 23
66142 -56196 71948 -50072 46
-64606 -51173 -74429 -57404 35
45626 29812 44375 30093 25
-41036 39736 -29141 30814 44
33256 -31652 48936 -30838 42
-26355 -46015 -26131 -43230 41
39625 52011 57637 54186 30
-51650 55662 -71634 60893 23
71416 -63452 64008 -57262 23
-55454 -66303 -66634 -51303 26
25148 36124 37317 29213 39
-49028 29200 -46080 46318 48
49050 -49155 31361 -40264 43
-28676 -29643 -26909 -39902 41
28489 74948 51282 63653 34
-52220 55402 -56923 53831 39
53878 -70259 69008 -72619 21
-55003 -71945 -59781 -51504 22
32685 25313 31698 30589 22
-30938 44037 -31410 31461 44
37508 -34961 28959 -31493 35
-25269 -49937 -28869 -25058 20
38971 51264 65117 66215 35
-57815 68330 -53039 55212 28
53082 -51954 66085 -70710 24
-74774 -58380 -54815 -50951 21
43115 26679 42110 25898 23
-25788 48977 -43132 29956 29
26113 -35008 37941 -40790 33
-46363 -25028 -25184 -49778 20
30071 51885 71974 51071 43
-72867 51153 -64295 57168 25
59676 -65629 53650 -52598 29
-54693 -54686 -55080 -60116 29
26667 26528 26679 32864 41
-33405 33826 -31816 32516 26
28666 -29087 27681 -44964 40
-30686 -31021 -36662 -39721 24
29309 70415 67902 54873 44
-73941 57745 -56762 53423 41
54806 -62268 59318 -55602 37
-74307 -73481 -51012 -71136 40
49114 26809 29084 48556 40
-46293 29996 -29152 26054 45
39708 -25248 32491 -38712 21
-30114 -41439 -32958 -49722 24
31995 51052 50269 57479 48
-51423 52918 -60866 67659 28
53486 -71196 57462 -51633 28
-62022 -51146 -68392 -63037 45
35647 29458 31602 30807 38
-27830 29292 -39600 32278 29
43352 -45448 38882 -25540 45
-29575 -33762 -34567 -47336 27
31418 69897 50828 63851 46
-74230 54449 -66925 50658 39
74520 -60940 54560 -65147 42
-51655 -70675 -50792 -72361 34
41398 48146 33714 26946 28
-44569 33638 -27663 40075 25
36521 -25475 40615 -45528 24
-37570 -25905 -34464 -44557 32
39161 55524 62549 67469 20
-56923 53350 -64333 72925 40
69737 -66336 68337 -51278 23
-57636 -55714 -53164 -56591 49
44135 27505 38337 35004 37
-27623 28664 -34970 25608 48
44281 -32085 34152 -43373 22
-33194 -34876 -48826 -28396 32
31249 64640 54174 68819 33
-57611 51941 -70289 58419 35
53805 -57585 66216 -56450 45
-52609 -61064 -59166 -66893 44
38509 30300 44695 34573 39
-38161 31172 -42968 27358 41
26268 -44426 28510 -35422 44
-33779 -30910 -48552 -29182 31
40495 55764 50874 51364 42
-53255 54460 -50474 56972 21
51122 -50547 71577 -59789 35
-55195 -52594 -57950 -66343 24
27481 26012 36672 48439 38
-30912 34762 -30967 49408 25
26908 -42223 36759 -26434 34
-29486 -29319 -25958 -30945 36
33166 68700 61367 67692 27
-53532 55556 -55974 53447 31
68283 -51222 54331 -52376 43
-51948 -62723 -67982 -72018 36
34220 31111 32182 48856 40
-33925 29324 -31486 44677 29
36643 -32534 40677 -47668 38
-46991 -32196 -32783 -41828 37
29426 65871 60697 67612 33
-61027 61408 -55545 59508 35
55238 -74237 51443 -71313 21
-58850 -50128 -52111 -73650 29
36192 26454 40869 25681 35
-45267 42713 -44793 43634 22
45972 -47830 49901 -28442 37
-38877 -25770 -25702 -39364 21
41590 58823 52237 58023 39
-66595 70169 -52327 62042 40
53182 -61058 57926 -59487 40
-57528 -55651 -52258 -57213 40
25783 46286 27742 33610 22
-32128 43434 -30841 45718 43
39867 -49865 35938 -26881 37
-47750 -28614 -43598 -28458 41
26063 57756 70807 70278 39
-69435 56365 -57075 57586 26
57833 -58360 63330 -51048 38
-54492 -62433 -73840 -56766 45
44810 36599 36837 46892 22
-32328 29352 -36369 31244 34
31608 -34252 36647 -42432 45
-32208 -28264 -28497 -48243 39
47015 51841 50189 66100 32
-55648 59523 -69851 74474 33
54891 -52200 69854 -59990 37
-54919 -67780 -72578 -62931 44
28340 38487 25899 47525 43
-30538 32492 -31193 28252 41
26560 -40834 26840 -31497 45
-43529 -31540 -43805 -28791 32
38210 63549 71578 51979 31
-59277 50073 -70193 51620 37
63826 -56276 69790 -56582 38
-61159 -70418 -51489 -50159 49
37924 34072 35380 27008 27
-35208 31477 -43503 40370 47
39196 -37074 38722 -37611 49
-28761 -36056 -37890 -31163 23
38716 69932 50452 52741 24
-56813 52862 -60396 65460 25
60904 -52599 70136 -54680 38
-52032 -64387 -57584 -57240 27
42006 33670 25241 43882 39
-28523 31758 -37105 29621 45
32296 -34916 40678 -35178 39
-25058 -27577 -37750 -39007 49
49081 52995 52678 74676 23
-70899 61784 -65565 53093 38
56172 -61243 54929 -57514 48
-55055 -61191 -55973 -58922 48
30651 35986 27144 41446 37
-26517 39629 -29916 30874 31
40469 -47912 33146 -30693 21
-34815 -26949 -26857 -45640 32
25236 58551 59487 56226 42
-66955 73183 -58394 55180 37
53065 -52065 52513 -59261 28
-71078 -66878 -64140 -54611 47
27445 25170 29975 38489 20
-31149 28333 -38865 47214 22
27007 -27432 33896 -41367 42
-29882 -31810 -42641 -32231 47
31705 56479 56321 56538 21
-69447 74208 -59646 72276 39
55189 -55422 52666 -58486 25
-52028 -54614 -54860 -54253 37
31348 37503 35861 47431 32
-37455 39197 -47106 33752 31
42296 -26281 26021 -49455 37
-27124 -43318 -34135 -36376 24
29859 74998 62074 59253 42
-60635 51643 -53888 58153 22
54747 -53680 69926 -50678 20
-64801 -74961 -64199 -70855 43
30716 35573 31561 48245 43
-28274 26550 -49353 26181 47
27699 -43110 43643 -42465 22
-27529 -34981 -27112 -38476 21
33247 51890 66671 58805 22
-55032 53989 -59320 73165 31
59658 -61293 67206 -51578 48
-52206 -52171 -68166 -53396 37
31020 48694 40529 39788 39
-42984 36969 -28978 46617 45
41626 -28684 34168 -42906 28
-37097 -28118 -49390 -40199 45
39486 69199 62420 70710 21
-65813 52415 -56085 50318 30
51331 -57267 58387 -63444 46
-64507 -54360 -67827 -53074 21
32152 30271 35268 29693 45
-25337 31311 -42604 37677 36
32768 -29022 44413 -30000 22
-42537 -30038 -46388 -32355 49
31647 53181 63093 66584 27
-60761 70493 -58217 59501 42
54447 -65665 60753 -72104 44
-69095 -63525 -55221 -53964 21
29872 33106 28656 28343 23
-27080 41080 -39868 46411 23
45968 -28251 27216 -37079 48
-42040 -31531 -37933 -48779 43
37259 51653 52936 52095 25
-61874 57720 -51835 50680 26
68455 -55725 54071 -74808 49
-59156 -55602 -67832 -57905 20
32375 46562 47885 46962 40
-26836 35797 -31202 35508 20
30340 -37076 34058 -31493 20
-33546 -45474 -49773 -44097 20
48335 61072 73400 50707 25
-70666 54141 -73588 62481 28
53315 -69396 66225 -51009 42
-68136 -61455 -68762 -50043 42
25021 42922 49512 34248 28
-27368 48717 -34714 42650 20
28335 -37759 28169 -46895 43
-47640 -46979 -49199 -29105 31
43661 58681 53652 58753 23
-57029 65987 -57042 51253 33
61420 -65814 57718 -62244 33
-57229 -70652 -68864 -54769 40
40005 46047 26594 46487 46
-28276 46323 -31540 32679 40
32588 -49710 29271 -42945 21
-28470 -45183 -48589 -48955 48
49779 55006 63262 70135 47
-52196 54033 -52088 62935 29
65993 -64790 74962 -68965 41
-69105 -61807 -74567 -52669 34
32671 26457 37998 28545 27
-39218 33838 -39844 32372 33
46028 -29264 28801 -39723 40
-32604 -31601 -49227 -36197 42
44771 70363 54301 72363 31
-53565 67421 -73445 68610 35
66741 -65022 56812 -54151 25
-58055 -53393 -58738 -65279 42
26608 37654 28822 32707 25
-26338 25144 -47290 31339 44
49604 -29623 47225 -45078 24
-31981 -27330 -29733 -28223 34
29130 68846 54987 54445 45
-58616 55750 -70489 52338 23
53135 -64697 57209 -71630 24
-51908 -51737 -74474 -56920 32
35293 28855 31734 34561 26
-27606 33184 -32075 28382 39
31741 -30432 49684 -37779 29
-43283 -45667 -30836 -49125 48
37737 68028 57119 70577 47
-64091 70556 -72795 66060 21
58793 -53432 52136 -54580 45
-55907 -71184 -53074 -58719 20
45476 30041 28351 33329 20
-47974 48072 -28591 37189 27
31490 -28239 39893 -28053 43
-35681 -25903 -27005 -49176 49
26695 56139 57468 63998 43
-73639 54515 -52621 54993 36
65722 -73838 74828 -62581 29
-58978 -61891 -51023 -51943 44
39243 32349 27702 33707 32
-25141 35687 -33346 40891 27
43413 -36400 47816 -31690 42
-33935 -29126 -44410 -44877 32
26260 52189 51705 63874 43
-70722 57195 -72566 66360 28
68588 -57811 53245 -59467 45
-51867 -63189 -60542 -63063 27
30502 29617 34099 25023 26
-31203 30048 -46051 26570 46
34458 -25967 33456 -34405 31
-29962 -26819 -32975 -35556 21
31495 58044 55591 51803 48
-68915 57450 -62319 56272 41
54383 -60133 51775 -74642 39
-68300 -67954 -62078 -53585 27
25333 25893 35490 35103 30
-42233 35722 -49271 44611 20
30338 -46641 48258 -44047 32
-34658 -25479 -25302 -32683 20
35002 65568 54422 66895 35
-68008 62361 -66742 72194 49
73188 -70178 54042 -56357 21
-51847 -57469 -66345 -54380 43
39964 25710 45061 25385 23
-27504 34462 -32703 28102 49
30154 -28529 31552 -32074 29
-28730 -27244 -35844 -38049 38
49065 51363 69552 53773 40
-54731 56747 -57511 55869 48
60498 -57103 52352 -50679 23
-63043 -64522 -56088 -51563 24
34850 42022 32240 46911 32
-30651 28580 -40477 27616 46
44178 -30220 39615 -47348 28
-32179 -31635 -41857 -27883 32
43902 53262 69420 69770 22
-59273 50841 -62686 53888 37
56717 -51892 63698 -61267 39
-50065 -60389 -56932 -50619 21
27003 29130 38028 43631 29
-48152 43630 -44172 44864 37
37295 -25428 29681 -43490 20
-26177 -31071 -25236 -31459 23
41840 52633 52037 73893 30
-70274 62993 -53782 57203 21
58290 -69662 72307 -70997 31
-68423 -58890 -66717 -56640 43
30566 29883 48661 47659 25
-45386 32651 -32765 44601 30
42209 -26497 27283 -29250 48
-33421 -25175 -30581 -26787 21
29287 52999 62504 74979 28
-60700 50530 -52461 62118 45
57540 -68828 74459 -61622 48
-53760 -52098 -62935 -60481 34
44567 43493 28596 44161 26
-35538 32670 -45538 46476 35
49917 -41371 41760 -30752 38
-40433 -32255 -29065 -25726 21
28034 62759 60393 55548 23
-68792 66193 -62933 55137 23
53690 -53211 63694 -74668 37
-57498 -50989 -65248 -53879 27
36149 30931 25669 30875 28
-25449 25436 -49599 45123 23
26731 -43154 47861 -29434 45
-48967 -35816 -36393 -41704 36
30953 55308 53223 68684 32
-72667 60048 -57469 63930 21
69814 -66090 55427 -73743 34
-60599 -66474 -57195 -50506 48
42589 34858 27809 42889 37
-25040 28818 -34364 42975 46
25089 -27503 30066 -26412 20
-37570 -39676 -25395 -28641 36
42651 71109 58187 70083 45
-73390 56250 -68686 54755 31
53128 -50502 74277 -55862 44
-53565 -53872 -50832 -55885 48
31646 45889 31478 35883 45
-46265 31260 -30045 45778 21
38855 -27520 37927 -49773 44
-27251 -47675 -38336 -41334 21
27737 59310 55974 57590 36
-51071 57080 -60935 57145 22
51825 -68718 63573 -54712 37
-54998 -59905 -57162 -51717 42
44539 28047 35946 44103 41
-49115 25839 -25858 45829 25
28394 -42199 44645 -39272 35
-46862 -32072 -38773 -27480 38
26897 53542 54608 69203 47
-56125 70134 -51401 59078 42
70169 -70736 52478 -67939 38
-68721 -56426 -60663 -51677 25
31724 25981 27700 32961 22
-41002 43448 -25095 25684 36
40137 -34507 38993 -46284 24
-30259 -25821 -32058 -49643 48
35677 50119 54857 73041 31
-50264 51623 -56915 58072 39
50841 -54715 67615 -62536 37
-52759 -50700 -63452 -55093 21
36829 37448 30227 36798 44
-35324 37274 -43133 47885 28
37170 -31862 32629 -30084 49
-39878 -31923 -27085 -29400 34
39193 73105 59412 65765 27
-65407 60677 -63784 50704 20
59834 -60891 50621 -68085 34
-50190 -70542 -67998 -72086 28
40621 30424 47597 46376 34
-29669 43108 -37927 37493 48
31366 -34102 27438 -37600 39
-39318 -27290 -39984 -41339 26
25808 54632 71478 51814 37
-57239 53074 -50020 60827 24
51988 -57441 66798 -63642 32
-66321 -55104 -63946 -57056 49
29833 42708 44761 31533 36
-39804 26385 -35142 43842 30
47161 -31620 29343 -34578 37
-25113 -38063 -29591 -30934 35
25656 54761 50012 53411 39
-66251 68738 -63370 51124 37
58007 -67584 60951 -73101 49
-74958 -65441 -51790 -67013 42
39855 46060 32093 33472 42
-32676 38543 -32373 31266 41
40275 -46528 25532 -35761 29
-32503 -32729 -42107 -27892 41
42953 53392 72570 63519 22
-73407 72494 -59505 53440 33
64262 -71409 53607 -68038 30
-55471 -61171 -70654 -54947 44
39523 46229 25489 31766 27
-29756 26632 -32470 25739 46
33522 -32283 33160 -42553 35
-27091 -26259 -25386 -31687 29
25042 53317 72045 62356 28
-50452 53154 -55466 61833 30
51919 -50631 56738 -71267 26
-71098 -74314 -66320 -63053 27
41469 49216 34722 44842 47
-40463 26260 -30947 38793 30
43717 -48043 31376 -25314 26
-42117 -26334 -45620 -39171 22
33964 69154 68866 64693 24
-73775 63000 -62212 71100 41
50476 -56379 60943 -67877 29
-50361 -61385 -58272 -61434 44
29561 25563 39504 37946 28
-45308 37157 -26430 30123 34
29074 -29346 38837 -26981 48
-26611 -41292 -42591 -28832 23
31461 66991 56461 52330 48
-67369 67291 -58400 64179 47
52317 -69914 51595 -51441 46
-71867 -57028 -56453 -52909 43
42981 36503 26569 31816 43
-25367 30385 -28402 30230 47
28681 -40567 33310 -26866 47
-38171 -28477 -31245 -32764 48
27671 52047 51115 54592 31
-57657 51405 -50053 57171 20
72740 -72530 63675 -74320 40
-63377 -60998 -66586 -71604 39
44631 29744 33388 26610 48
-26919 43259 -30927 39609 29
46479 -47716 31300 -46396 43
-36458 -45830 -49593 -30806 49
39854 74272 51160 62294 44
-51333 50146 -54229 60471 38
60559 -72241 54421 -72688 36
-62033 -51685 -52270 -50329 31
47860 27208 33982 47162 36
-31878 36979 -26897 32887 48
39469 -30783 42540 -47795 26
-43633 -38509 -49557 -27317 24
32053 68135 62258 52593 43
-71693 66466 -72951 68140 44
62937 -55174 52512 -56097 31
-52695 -71817 -73492 -71292 37
27530 25613 25296 46710 39
-30628 30809 -28786 31744 20
33182 -28569 31120 -27393 42
-39962 -39214 -37527 -26807 44
33705 64713 57011 68913 23
-69664 51203 -53995 67762 31
51946 -54909 51048 -71768 34
-72511 -57954 -54235 -51127 43
28240 26862 40127 27577 47
-27340 35142 -40100 28400 38
46476 -28154 35935 -41430 31
-46295 -28537 -40623 -42922 37
28029 55211 66211 61754 20
-62253 53293 -71321 70785 28
60443 -56000 60555 -74671 20
-57452 -59375 -64631 -63640 44
43040 32986 28834 39248 29
-28765 37796 -35312 32262 22
30731 -48987 49464 -32557 48
-29556 -45170 -30450 -27182 31
38293 74099 73332 69044 41
-50075 56004 -69050 65026 46
61738 -69801 69623 -63843 41
-53380 -69695 -57918 -53659 33
37628 31329 26088 28854 23
-49979 43569 -25666 32679 27
27837 -28402 48115 -48292 33
-27872 -29448 -30323 -36153 38
49395 50197 54508 72908 31
-63993 57665 -51781 53202 20
74828 -52256 52705 -58965 43
-70769 -61715 -70253 -56805 34
29478 32145 46840 25833 45
-26900 35968 -48994 41633 45
25348 -43281 43032 -41256 20
-35872 -33982 -48901 -37306 35
42860 57471 54527 57137 23
-59768 53233 -53995 54171 33
53942 -68011 57879 -56034 42
-74593 -50530 -64161 -73234 48
46926 30906 30191 39443 28
-30227 32719 -26484 30224 33
30435 -38224 28094 -28582 37
-33627 -47005 -36146 -32686 49
45540 68237 72850 68759 28
-53956 57677 -52403 53042 20
65811 -55225 71143 -71595 36
-51615 -53804 -71006 -53368 41
30335 25698 26325 28313 23
-47312 49618 -43457 43396 49
46086 -32094 32846 -27043 42
-37911 -41280 -48455 -26358 47
28870 50990 53873 54327 43
-53454 56896 -62472 74450 41
54641 -55646 73525 -53213 44
-67929 -58695 -50403 -62594 33
26067 47187 29640 25079 41
-43125 37534 -29860 48000 37
32621 -27692 25293 -30117 27
-45403 -28943 -42893 -35639 21
26925 74028 69978 60748 20
-72892 51444 -60654 73623 43
62036 -56547 71346 -50826 31
-53904 -60238 -67571 -51886 45
30299 47056 36728 26267 21
-27019 44991 -43166 30717 36
42093 -28187 26421 -47912 47
-28299 -32444 -29897 -26201 48
49942 57104 51768 54768 21
-66296 61262 -60720 71244 38
59625 -71219 67584 -68174 24
-60459 -63149 -67014 -55695 43
30032 38851 26537 26814 43
-29651 26219 -49290 25917 43
31918 -26584 27252 -28586 29
-26248 -37137 -27397 -25424 28
45027 53148 56993 60382 41
-52669 50893 -70877 51014 44
50484 -52943 61495 -51811 23
-53892 -56798 -51990 -61299 30
33493 29074 26549 38774 34
-45173 49069 -29218 26865 23
40238 -44911 38252 -31463 48
-25149 -48088 -37245 -31231 20
35106 69271 62368 56421 38
-54157 59647 -54982 68238 22
67723 -50906 68706 -60189 46
-55345 -62351 -56923 -57118 40
27097 36836 35591 38406 30
-25813 39651 -25880 27844 43
32741 -36245 39578 -29949 35
-49514 -44785 -34227 -33624 34
28356 73917 56227 50555 42
-64286 69468 -61698 58979 41
62489 -60758 63490 -55775 20
-67132 -52089 -52296 -61950 32
45122 37529 32672 25836 27
-30553 38976 -35670 34085 32
26751 -30397 44751 -29001 35
-41693 -40072 -42916 -31716 28
26511 57125 61838 52296 29
-61544 51056 -62826 62902 48
74588 -62021 72586 -64108 37
-62628 -71979 -51947 -62549 40
38245 25128 39062 35426 29
-35677 29091 -29047 38785 31
32406 -33684 46954 -41769 29
-27956 -47421 -40945 -38465 46
46860 66497 68335 55190 27
-53049 71005 -57886 73388 35
63143 -67377 60130 -53487 25
-72482 -50253 -65000 -52754 39
32488 25215 37008 31310 30
-27799 27997 -34707 33454 24
33237 -35485 37499 -30792 23
-32612 -43682 -37983 -40351 39
42137 55033 66600 56864 33
-61857 58968 -51710 71968 48
52641 -52732 62437 -61684 29
-57701 -54869 -53583 -54256 32
32640 37087 40012 38810 20
-39835 26663 -35615 25897 37
27774 -35134 27553 -44533 38
-27286 -25624 -27734 -43075 39
30712 51984 55624 52792 44
-53822 54055 -68913 50462 43
70084 -74160 56122 -51053 37
-61822 -69750 -71337 -63917 36
29931 47197 27505 29236 27
-31599 28290 -26898 25985 47
26084 -25592 43725 -33996 25
-49828 -40338 -42342 -39428 25
30742 55037 55506 56767 33
-59793 53505 -74146 53609 24
69854 -54465 62239 -51206 49
-65492 -66499 -68175 -56036 41
38647 40618 25013 26727 42
-27896 46909 -27841 45130 20
34034 -32915 31286 -28523 46
-26344 -32736 -47037 -30416 33
26949 55971 60844 72777 45
-51200 64590 -60285 53325 38
50668 -60006 59729 -74008 41
-50225 -65536 -61980 -50716 40
40384 28747 45328 27936 44
-35700 32523 -26364 26411 40
25250 -36504 48483 -46766 21
-27670 -35845 -35506 -34088 26
25107 58266 55857 72678 29
-62674 64155 -50191 58990 32
55858 -60996 58917 -53290 27
-51707 -58234 -53246 -61462 42
33239 28426 44095 30906 24
-35350 29586 -30279 42776 42
31879 -32301 40812 -30676 34
-32357 -32570 -31038 -49312 24
41561 53180 68200 55643 36
-68061 52647 -55939 69808 40
67452 -50979 57618 -71419 27
-72284 -74547 -54977 -65675 33
43709 38371 28642 41339 26
-32621 46501 -26034 43129 48
26436 -28469 47897 -28504 48
-29202 -48105 -26238 -40032 45
37516 64481 65579 59023 37
-51771 56313 -60382 56140 26
53488 -65319 55589 -55513 39
-70851 -57271 -73283 -54364 28
28012 28184 46759 48501 24
-28733 30059 -27714 27649 45
28522 -49541 45416 -40377 22
-25565 -44891 -25138 -38310 47
40055 63787 52224 68222 49
-52441 56648 -51804 52834 38
56441 -58872 57668 -69974 26
-55137 -70633 -53241 -55745 38
31015 47974 44252 25846 36
-25524 31966 -40581 33144 40
29334 -40296 36876 -25027 25
-27018 -29291 -31641 -38465 41
47471 56259 73700 70217 26
-51943 64624 -67064 56505 37
56502 -57666 59275 -57046 42
-54789 -56046 -52145 -56003 32
31901 33326 29153 46184 49
-30350 35405 -49346 26025 40
39336 -29795 34793 -36323 32
-28856 -40896 -28210 -42776 42
39550 65290 63795 63852 30
-58315 60036 -54361 53760 44
58729 -52534 56050 -53082 26
-51936 -50584 -60790 -71617 42
44066 48116 31388 34425 41
-30610 31450 -44982 28621 23
27038 -41754 29593 -39895 20
-30638 -25167 -42420 -29345 43
48865 74696 55833 60390 32
-70189 67839 -70183 63817 39
56753 -60679 68613 -60600 22
-65145 -69861 -52151 -53318 33
32813 39907 29554 31476 37
-36211 25429 -27264 40966 21
29942 -35698 44522 -31155 37
-40257 -48158 -29464 -38762 40
30946 56065 58380 63165 26
-63540 52297 -58042 64464 24
62584 -60270 57715 -57200 26
-57106 -56302 -74696 -58833 41
44067 25415 31645 30175 44
-48448 49919 -38079 27988 31
32592 -31597 47197 -38509 32
-25071 -25658 -39122 -26859 37
35999 51899 54120 51320 46
-66984 54912 -51915 73953 35
70741 -60199 61567 -54208 24
-55169 -54681 -54879 -71108 37
30259 25706 48849 49075 26
-45124 27607 -42774 27884 48
49546 -28145 45481 -36714 39
-49168 -38338 -45307 -26793 34
26105 51697 68217 65955 41
-52343 51133 -57097 50679 26
69555 -50633 51954 -50930 42
-69904 -70279 -62488 -74870 34
26072 32176 26701 40415 46
-29231 42480 -44975 30260 44
33938 -41657 39990 -44438 21
-40447 -30242 -49618 -41070 31
49061 52219 53781 70990 43
-58672 51563 -71302 50502 38
55721 -74898 56447 -60945 46
-52222 -58686 -55794 -73577 24
43683 46547 38240 25485 44
-31723 45337 -41653 27168 40
40255 -26466 29858 -47512 36
-28318 -38201 -25142 -46276 26
32702 60684 65023 55270 22
-58250 63475 -70311 51850 45
55488 -61520 51101 -70183 38
-52892 -68848 -56784 -55245 27
39462 28343 43258 41859 41
-39016 33172 -47832 49441 33
41088 -47015 38976 -43516 48
-25039 -31283 -28205 -44997 36
30769 73675 50917 59387 40
-56030 67442 -71735 57389 23
53480 -62073 60777 -50786 31
-56785 -50522 -68345 -70979 25
40713 30935 44735 30883 46
-41096 45648 -27085 39752 31
34260 -46982 31636 -32688 49
-42236 -26792 -27065 -44278 48
31496 51386 71011 60976 37
-62121 73202 -57245 56702 24
56539 -52572 52257 -52370 40
-56654 -69359 -61080 -57298 41
48960 30510 29591 25867 33
-26675 37136 -30499 42775 40
39376 -31256 45272 -45703 36
-45967 -34515 -48542 -48495 46
43456 64186 58437 69198 46
-68364 51085 -56665 68908 20
51360 -52814 71154 -68012 32
-53338 -58706 -62525 -55630 49
48179 28079 33313 28838 47
-33421 39145 -30991 26969 49
49308 -41565 48762 -44473 31
-46970 -48147 -27053 -47708 48
41715 54429 56066 52689 43
-61771 55541 -66259 68631 42
52514 -60966 50988 -68170 48
-72199 -50655 -53850 -63444 26
41278 44406 29427 35313 43
-32371 48327 -42073 48461 33
34934 -31102 25587 -31417 43
-31153 -26126 -45595 -26495 43
27406 52370 73859 73305 46
-74833 74223 -54852 67879 29
56126 -57793 56585 -71465 41
-65444 -67107 -67271 -74087 39
41519 33596 30715 42552 42
-39753 33257 -27590 49959 27
35886 -32809 30865 -25686 29
-25259 -47313 -27435 -26028 41
35468 72869 50456 56731 38
-51074 61395 -55843 56274 46
65024 -55511 68585 -55722 21
-60057 -64095 -58174 -55038 43
26658 42295 25722 41983 41
-29503 27232 -49300 40590 20
42408 -40505 32702 -47858 28
-35557 -40561 -49120 -30028 36
25713 53332 73092 67182 27
-61320 57358 -71074 53987 24
54983 -71364 52264 -69714 36
-74390 -60425 -51255 -63163 47
30792 39231 47619 27880 28
-41128 44948 -29720 34079 41
28766 -27587 30808 -37126 25
-31159 -42518 -28220 -35035 44
25456 74147 54156 55134 20
-50751 66208 -56478 72294 39
67524 -57976 59694 -54090 49
-54372 -57419 -55301 -71702 24
45523 26539 45609 36827 27
-33186 27416 -26827 40169 33
39899 -47514 35415 -28644 26
-48669 -35378 -31676 -42858 22
34846 52137 55915 72988 36
-57288 52382 -53074 70333 35
61056 -50656 55062 -59616 34
-62129 -52442 -51984 -54872 49
48396 43026 33582 35202 45
-30416 30665 -39552 43759 25
36417 -47844 28554 -44443 34
-31999 -28422 -25121 -40733 23
44917 65793 71873 62060 25
-59074 55985 -57501 56622 28
52395 -61026 51720 -51291 28
-60929 -59072 -55977 -60193 28
37254 25922 30876 40137 26
-38803 46090 -32912 37289 23
29979 -32299 37322 -47902 22
-31369 -30654 -37729 -34734 38
37274 55226 66463 53134 42
-74348 66453 -59503 52307 38
68333 -52437 70695 -63179 21
-73144 -67659 -60961 -71907 26
38472 45645 28592 47972 48
-49196 31811 -40535 40835 49
28716 -48532 49956 -41158 39
-49620 -48296 -44724 -38120 36
41406 58983 53445 55574 21
-51588 55538 -70664 68104 47
70353 -52942 67004 -55623 22
-65625 -67611 -52842 -58724 29
45135 38590 35146 32328 25
-27804 31741 -41909 44381 49
29102 -35083 25692 -35532 22
-26099 -31161 -36047 -47405 40
42569 54959 57628 72139 38
-52580 57471 -71778 52440 26
72148 -54444 74745 -66125 30
-54698 -50616 -56180 -74815 24
41226 29472 27479 44593 42
-28005 43536 -40333 36105 37
30732 -40638 31165 -26064 48
-33399 -30032 -42508 -38896 48
48978 72638 58245 54059 39
-50744 52362 -74769 61049 48
66467 -60558 57143 -73061 33
-59190 -72186 -51226 -53603 44
46300 31768 25423 31347 46
-29566 25230 -46665 26152 40
28617 -29173 30786 -35668 27
-31579 -26224 -42728 -26260 28
48425 73267 69312 50734 22
-55169 54562 -51570 58211 35
56890 -51711 52064 -54750 30
-57545 -64767 -71754 -55787 47
49565 29942 27088 35273 45
-27579 30837 -34388 44269 26
38830 -35809 29640 -32321 39
-29881 -31626 -38020 -26411 44
25893 71984 52357 72999 26
-68829 55950 -71457 57405 35
52334 -55049 69094 -53592 30
-55119 -73017 -54313 -65253 27
29977 44160 46505 25153 41
-31562 28576 -29854 45072 24
48016 -25050 34193 -46945 42
-45747 -32521 -33061 -31344 29
28366 52885 64439 52718 37
-55268 53554 -57050 57432 49
57020 -66735 56098 -52792 36
-51182 -69029 -50316 -53059 38
29583 47399 26135 33357 20
-40271 47342 -42780 38877 36
28295 -42686 27403 -33252 48
-48035 -32285 -28428 -41678 30
25101 70949 52364 51385 46
-67157 52737 -54841 68938 33
67096 -56033 54493 -54768 23
-54935 -69109 -55096 -70381 41
25739 30584 25923 28499 41
-36849 25442 -33606 31850 47
26040 -47769 34223 -26588 47
-37083 -28400 -36158 -40606 38
44463 70920 68366 65758 25
-59023 70229 -69298 54356 30
73175 -74196 51683 -59988 49
-52946 -57190 -58275 -52469 39
/
SHIP
S ASHIP1 10
H BSHIP1 15 4000
/
MONE
81
S ASHIP1 41000
H BSHIP1 67000
/
ICEE
/