TRAC
25041 43467 31334 26500 49
-40724 36478 -29358 26962 34
30705 -28145 48281 -41827 21
-25491 -27995 -36942 -29827 26
32391 64604 53902 50153 42
-62382 67421 -68716 69718 25
55447 -71726 64771 -61538 29
-69912 -50667 -51299 -67035 44
28703 48811 31322 30333 23
-29664 40141 -32711 28253 48
25547 -27644 32662 -32757 47
-37859 -33723 -34741 -27529 48
37316 53035 72190 51842 38
-55106 59040 -58942 69264 48
52446 -73805 65890 -56729 30
-65350 -65006 -56101 -74393 28
44629 37623 49084 44954 26
-36840 29966 -32376 38931 48
41944 -32439 49626 -36323 37
-46538 -41118 -27082 -47929 31
29833 56115 54639 54658 44
-59930 63977 -52306 56673 26
55021 -53745 51924 -69072 20
-55829 -51777 -65573 -55097 32
48986 38290 34161 43636 25
-49767 48655 -40574 29031 42
27350 -26150 41941 -46724 36
-28430 -31107 -30191 -43007 47
40457 62287 52753 60383 25
-58909 57209 -59758 74221 38
56422 -74946 52506 -63030 23
-54168 -50900 -57591 -68762 25
42410 31359 27624 45537 28
-31483 27595 -29041 28602 40
35291 -30836 34374 -36020 26
-49021 -27348 -48199 -44668 24
33281 54734 50053 51999 38
-52938 56900 -53788 68127 37
53728 -64893 74648 -72483 37
-52421 -64310 -56617 -72813 24
/
SHIP
S ASHIP1 10
H BSHIP1 15 20000
/
MONE
81
S ASHIP1 41000
H BSHIP1 67000
/
ICEE
/