TRAC
25041 43467 31334 26500 49
40724 36478 29358 26962 34
30705 28145 48281 41827 21
25491 27995 36942 29827 26
32391 39604 28902 25153 42
37382 42421 43716 44718 25
30447 46726 39771 36538 29
44912 25667 26299 42035 44
28703 48811 31322 30333 23
29664 40141 32711 28253 48
25547 27644 32662 32757 47
37859 33723 34741 27529 48
37316 28035 47190 26842 38
30106 34040 33942 44264 48
27446 48805 40890 31729 30
40350 40006 31101 49393 28
44629 37623 49084 44954 26
36840 29966 32376 38931 48
41944 32439 49626 36323 37
46538 41118 27082 47929 31
29833 31115 29639 29658 44
34930 38977 27306 31673 26
30021 28745 26924 44072 20
30829 26777 40573 30097 32
48986 38290 34161 43636 25
49767 48655 40574 29031 42
27350 26150 41941 46724 36
28430 31107 30191 43007 47
40457 37287 27753 35383 25
33909 32209 34758 49221 38
31422 49946 27506 38030 23
29168 25900 32591 43762 25
42410 31359 27624 45537 28
31483 27595 29041 28602 40
35291 30836 34374 36020 26
49021 27348 48199 44668 24
33281 29734 25053 26999 38
27938 31900 28788 43127 37
28728 39893 49648 47483 37
27421 39310 31617 47813 24
39309 32616 43935 42451 40
30249 41519 31556 47798 23
31224 36008 30844 32609 39
32702 28195 45485 28093 23
30523 26587 29314 34503 28
25200 38458 31618 45580 46
39798 40281 44589 45798 39
27157 45472 48622 43538 42
31038 49179 43190 29657 28
31191 44815 47888 44156 41
41202 27634 49272 45055 38
47646 26362 29886 43875 43
29869 45142 48844 26416 31
31998 35322 43651 35021 49
28557 28476 27892 49389 25
35712 27600 27510 46003 39
42861 39688 38401 34789 35
41423 30002 35585 49182 45
27088 31426 28617 48757 42
30932 29169 27154 25721 49
44976 31329 27368 28692 25
35555 28434 41549 32441 22
30145 43060 46718 28753 49
37423 41279 25996 41687 39
47549 42437 44866 37949 33
48195 28297 45416 28286 45
49488 41282 37455 25734 44
36701 31316 45671 30786 43
29313 49355 31185 45053 32
35808 26832 45945 29313 26
/
SHIP
S ASHIP1 10
H BSHIP1 15 20000
/
MONE
81
S ASHIP1 41000
H BSHIP1 67000
/
ICEE
/