TRAC
17371 22466 4678 22593 10 
25484 1018 28464 21119 15 
2800 18087 31060 1926 5 
4757 32170 20315 9576 40 
12043 22758 7164 5109 15 
17086 29565 3487 29577 25 
2625 25627 5629 31928 20 
28520 6902 14962 123 35 
3737 13261 10195 32525 25 
8260 6202 8116 5030 35 
29011 30771 6411 25547 20 
21520 29790 14924 30188 20 
4940 20851 18662 13829 5 
17713 18958 17578 8365 40 
11477 1200 26058 6439 20 
12760 19357 2324 6477 45 
21113 14887 19801 22850 5 
22428 12993 27384 19405 5 
31111 28704 12835 32356 15 
29350 18823 14485 20556 35 
1626 9357 8526 13357 40 
23271 23869 29361 12896 15 
29617 10112 12717 18696 30 
24041 24423 24129 24229 30 
6559 8932 22296 29855 20 
16962 3584 29734 6654 15 
21457 14369 22532 2963 40 
2483 911 11635 10067 45 
4675 12938 2223 22142 25 
6511 22741 20175 21459 30 
3221 17870 1626 31934 30 
31783 23850 17398 22279 10 
12193 12734 1637 26534 35 
1993 10176 25705 6962 45 
15881 300 14413 16641 30 
24855 13142 11462 27611 40 
20424 32678 1752 18443 35 
12673 10040 9313 875 15 
12818 610 1017 14932 15 
30695 13169 23831 20040 45 
/
SHIP
S ASHIP1 6
S ASHIP2 1
S ASHIP3 8
S ASHIP4 10
S ASHIP5 1
S ASHIP6 6
S ASHIP7 4
S ASHIP8 5
S ASHIP9 2
S ASHIP10 1
S ASHIP11 5
S ASHIP12 9
H BSHIP1 6 10000
H BSHIP2 3 6000
H BSHIP3 5 2000
H BSHIP4 4 10000
H BSHIP5 6 9000
H BSHIP6 3 8000
H BSHIP7 10 7000
H BSHIP8 2 8000
H BSHIP9 8 2000
H BSHIP10 10 1000
H BSHIP11 4 5000
H BSHIP12 2 8000
/
MONE
16
S BSHIP1 84000
S BSHIP2 14000
S BSHIP3 93000
S BSHIP4 25000
S BSHIP5 2000
S BSHIP6 93000
S BSHIP7 60000
S BSHIP8 71000
S BSHIP9 29000
S BSHIP10 28000
S BSHIP11 85000
S BSHIP12 76000
S ASHIP1 87000
S ASHIP2 99000
S ASHIP3 71000
S ASHIP4 88000
S ASHIP5 48000
S ASHIP6 5000
S ASHIP7 4000
S ASHIP8 22000
S ASHIP9 64000
S ASHIP10 7000
S ASHIP11 64000
S ASHIP12 11000
/
ICEE
/
PATH
S BSHIP1 162
0 0 0 1
17371 22466 5 2
4678 22593 8 0
4678 22593 11 3
17371 22466 11 1
25484 1018 15 2
28464 21119 19 0
28464 21119 23 3
25484 1018 23 1
2800 18087 28 2
31060 1926 34 0
31060 1926 40 3
2800 18087 40 1
4757 32170 43 2
20315 9576 48 0
20315 9576 53 3
4757 32170 53 1
12043 22758 55 2
7164 5109 59 0
7164 5109 63 3
12043 22758 63 1
17086 29565 65 2
3487 29577 68 0
3487 29577 71 3
17086 29565 71 1
2625 25627 74 2
5629 31928 76 0
5629 31928 78 3
2625 25627 78 1
28520 6902 84 2
14962 123 87 0
14962 123 90 3
28520 6902 90 1
3737 13261 95 2
10195 32525 99 0
10195 32525 103 3
3737 13261 103 1
8260 6202 105 2
8116 5030 106 0
8116 5030 109 3
8260 6202 107 1
29011 30771 113 2
6411 25547 117 0
6411 25547 121 3
29011 30771 121 1
21520 29790 123 2
14924 30188 125 0
14924 30188 127 3
21520 29790 127 1
4940 20851 131 2
18662 13829 134 0
18662 13829 137 3
4940 20851 137 1
17713 18958 140 2
17578 8365 142 0
17578 8365 144 3
17713 18958 144 1
11477 1200 148 2
26058 6439 151 0
26058 6439 154 3
11477 1200 154 1
12760 19357 158 2
2324 6477 161 0
2324 6477 164 3
12760 19357 164 1
21113 14887 166 2
19801 22850 168 0
19801 22850 170 3
21113 14887 170 1
22428 12993 171 2
27384 19405 173 0
27384 19405 175 3
22428 12993 175 1
31111 28704 178 2
12835 32356 182 0
12835 32356 186 3
31111 28704 186 1
29350 18823 188 2
14485 20556 191 0
14485 20556 194 3
29350 18823 194 1
1626 9357 199 2
8526 13357 201 0
8526 13357 203 3
1626 9357 203 1
23271 23869 208 2
29361 12896 211 0
29361 12896 214 3
23271 23869 214 1
29617 10112 217 2
12717 18696 221 0
12717 18696 225 3
29617 10112 225 1
24041 24423 228 2
24129 24229 229 0
24129 24229 230 3
24041 24423 230 1
6559 8932 234 2
22296 29855 239 0
22296 29855 244 3
6559 8932 244 1
16962 3584 246 2
29734 6654 249 0
29734 6654 252 3
16962 3584 252 1
21457 14369 254 2
22532 2963 256 0
22532 2963 258 3
21457 14369 258 1
2483 911 262 2
11635 10067 265 0
11635 10067 268 3
2483 911 268 1
4675 12938 271 2
2223 22142 273 0
2223 22142 275 3
4675 12938 275 1
6511 22741 277 2
20175 21459 280 0
20175 21459 283 3
6511 22741 283 1
3221 17870 284 2
1626 31934 287 0
1626 31934 290 3
3221 17870 290 1
31783 23850 295 2
17398 22279 298 0
17398 22279 301 3
31783 23850 301 1
12193 12734 305 2
1637 26534 308 0
1637 26534 311 3
12193 12734 311 1
1993 10176 313 2
25705 6962 317 0
25705 6962 321 3
1993 10176 321 1
15881 300 324 2
14413 16641 327 0
14413 16641 330 3
15881 300 330 1
24855 13142 333 2
11462 27611 337 0
11462 27611 341 3
24855 13142 341 1
20424 32678 345 2
1752 18443 349 0
1752 18443 353 3
20424 32678 353 1
12673 10040 357 2
9313 875 359 0
9313 875 361 3
12673 10040 361 1
12818 610 363 2
1017 14932 367 0
1017 14932 371 3
12818 610 371 1
30695 13169 375 2
23831 20040 377 0
23831 20040 379 3
30695 13169 379 1
0 0 385 0
H ASHIP1 158
0 0 0 1
17371 22466 5 0
17371 22466 8 4
4678 22593 11 0
4678 22593 11 1
25484 1018 16 0
25484 1018 19 4
28464 21119 23 0
28464 21119 23 1
2800 18087 28 0
2800 18087 34 4
31060 1926 40 0
31060 1926 40 1
4757 32170 47 0
4757 32170 48 4
20315 9576 53 0
20315 9576 53 1
12043 22758 56 0
12043 22758 59 4
7164 5109 63 0
7164 5109 63 1
17086 29565 68 4
3487 29577 71 0
3487 29577 71 1
2625 25627 72 0
2625 25627 76 4
5629 31928 78 0
5629 31928 78 1
28520 6902 84 0
28520 6902 87 4
14962 123 90 0
14962 123 90 1
3737 13261 93 0
3737 13261 99 4
10195 32525 103 0
10195 32525 103 1
8260 6202 108 4
8116 5030 109 0
8116 5030 107 1
29011 30771 113 0
29011 30771 117 4
6411 25547 121 0
6411 25547 121 1
21520 29790 124 0
21520 29790 125 4
14924 30188 127 0
14924 30188 127 1
4940 20851 130 0
4940 20851 134 4
18662 13829 137 0
18662 13829 137 1
17713 18958 138 0
17713 18958 142 4
17578 8365 144 0
17578 8365 144 1
11477 1200 146 0
11477 1200 151 4
26058 6439 154 0
26058 6439 154 1
12760 19357 158 0
12760 19357 161 4
2324 6477 164 0
2324 6477 164 1
21113 14887 168 4
19801 22850 170 0
19801 22850 170 1
22428 12993 172 0
22428 12993 173 4
27384 19405 175 0
27384 19405 175 1
31111 28704 177 0
31111 28704 182 4
12835 32356 186 0
12835 32356 186 1
29350 18823 190 0
29350 18823 191 4
14485 20556 194 0
14485 20556 194 1
1626 9357 197 0
1626 9357 201 4
8526 13357 203 0
8526 13357 203 1
23271 23869 207 0
23271 23869 211 4
29361 12896 214 0
29361 12896 214 1
29617 10112 215 0
29617 10112 221 4
12717 18696 225 0
12717 18696 225 1
24041 24423 228 0
24041 24423 229 4
24129 24229 230 0
24129 24229 230 1
6559 8932 234 0
6559 8932 239 4
22296 29855 244 0
22296 29855 244 1
16962 3584 249 4
29734 6654 252 0
29734 6654 252 1
21457 14369 254 0
21457 14369 256 4
22532 2963 258 0
22532 2963 258 1
2483 911 262 0
2483 911 265 4
11635 10067 268 0
11635 10067 268 1
4675 12938 270 0
4675 12938 273 4
2223 22142 275 0
2223 22142 275 1
6511 22741 276 0
6511 22741 280 4
20175 21459 283 0
20175 21459 283 1
3221 17870 286 0
3221 17870 287 4
1626 31934 290 0
1626 31934 290 1
31783 23850 296 0
31783 23850 298 4
17398 22279 301 0
17398 22279 301 1
12193 12734 303 0
12193 12734 308 4
1637 26534 311 0
1637 26534 311 1
1993 10176 314 0
1993 10176 317 4
25705 6962 321 0
25705 6962 321 1
15881 300 323 0
15881 300 327 4
14413 16641 330 0
14413 16641 330 1
24855 13142 332 0
24855 13142 337 4
11462 27611 341 0
11462 27611 341 1
20424 32678 343 0
20424 32678 349 4
1752 18443 353 0
1752 18443 353 1
12673 10040 356 0
12673 10040 359 4
9313 875 361 0
9313 875 361 1
12818 610 362 0
12818 610 367 4
1017 14932 371 0
1017 14932 371 1
30695 13169 376 0
30695 13169 377 4
23831 20040 379 0
23831 20040 379 1
0 0 385 0
/