TRAC
12570 905 9464 19557 15 
14161 30524 12549 17469 5 
31923 28350 14333 22925 5 
19737 16336 18337 1278 20 
7636 30714 28164 31591 50 
19135 2505 13337 10004 40 
2623 28664 9970 25608 45 
19281 7085 9152 18373 15 
8194 9876 23826 28396 15 
6249 14640 29174 18819 20 
32611 1941 20289 8419 30 
3805 7585 16216 31450 30 
2609 11064 9166 16893 25 
13509 30300 19695 9573 50 
13161 31172 17968 27358 10 
26268 19426 28510 10422 25 
8779 30910 23552 4182 10 
15495 5764 874 1364 15 
28255 4460 474 6972 10 
26122 25547 21577 9789 30 
30195 27594 7950 16343 25 
2481 1012 11672 23439 45 
5912 9762 5967 24408 30 
1908 17223 11759 26434 25 
29486 4319 958 5945 35 
8166 18700 11367 17692 40 
28532 30556 30974 3447 10 
18283 26222 29331 2376 20 
26948 12723 17982 22018 35 
9220 31111 32182 23856 5 
8925 4324 6486 19677 50 
11643 7534 15677 22668 45 
21991 32196 7783 16828 40 
29426 15871 10697 17612 20 
11027 11408 5545 9508 30 
30238 24237 26443 21313 10 
8850 25128 2111 23650 50 
11192 1454 15869 681 30 
20267 17713 19793 18634 15 
20972 22830 24901 28442 40 
13877 25770 702 14364 10 
16590 8823 2237 8023 50 
16595 20169 2327 12042 5 
28182 11058 7926 9487 5 
32528 5651 2258 7213 5 
25783 21286 2742 8610 15 
7128 18434 5841 20718 20 
14867 24865 10938 1881 40 
22750 28614 18598 28458 10 
26063 32756 20807 20278 50 
19435 6365 32075 7586 35 
7833 8360 13330 26048 45 
29492 12433 23840 6766 30 
19810 11599 11837 21892 15 
7328 29352 11369 31244 25 
6608 9252 11647 17432 30 
7208 3264 3497 23243 50 
22015 26841 189 16100 15 
30648 9523 19851 24474 20 
29891 27200 19854 9990 40 
/
SHIP
S ASHIP1 10
S ASHIP2 1
S ASHIP3 9
S ASHIP4 2
S ASHIP5 5
S ASHIP6 1
S ASHIP7 8
S ASHIP8 10
S ASHIP9 6
S ASHIP10 4
S ASHIP11 9
S ASHIP12 3
S ASHIP13 4
S ASHIP14 3
S ASHIP15 2
S ASHIP16 1
S ASHIP17 5
S ASHIP18 1
H BSHIP1 8 6000
H BSHIP2 10 1000
H BSHIP3 6 2000
H BSHIP4 3 1000
H BSHIP5 10 9000
H BSHIP6 10 2000
H BSHIP7 8 4000
H BSHIP8 4 1000
H BSHIP9 8 7000
H BSHIP10 7 1000
H BSHIP11 3 9000
H BSHIP12 10 9000
H BSHIP13 10 10000
H BSHIP14 10 5000
H BSHIP15 3 1000
H BSHIP16 9 8000
H BSHIP17 9 8000
H BSHIP18 4 1000
/
MONE
8
S BSHIP1 97000
S BSHIP2 75000
S BSHIP3 23000
S BSHIP4 12000
S BSHIP5 20000
S BSHIP6 62000
S BSHIP7 57000
S BSHIP8 91000
S BSHIP9 64000
S BSHIP10 84000
S BSHIP11 17000
S BSHIP12 33000
S BSHIP13 53000
S BSHIP14 42000
S BSHIP15 55000
S BSHIP16 14000
S BSHIP17 63000
S BSHIP18 97000
S ASHIP1 61000
S ASHIP2 16000
S ASHIP3 5000
S ASHIP4 100000
S ASHIP5 37000
S ASHIP6 81000
S ASHIP7 99000
S ASHIP8 33000
S ASHIP9 88000
S ASHIP10 85000
S ASHIP11 41000
S ASHIP12 18000
S ASHIP13 7000
S ASHIP14 71000
S ASHIP15 42000
S ASHIP16 83000
S ASHIP17 50000
S ASHIP18 24000
/
ICEE
/
PATH
S BSHIP1 242
0 0 0 1
12570 905 2 2
9464 19557 5 0
9464 19557 7 3
12570 905 8 1
14161 30524 12 2
12549 17469 14 0
12549 17469 16 3
14161 30524 16 1
31923 28350 19 2
14333 22925 22 0
14333 22925 24 3
31923 28350 25 1
19737 16336 28 2
18337 1278 30 0
18337 1278 32 3
19737 16336 32 1
7636 30714 35 2
28164 31591 38 0
28164 31591 41 3
7636 30714 41 1
19135 2505 45 2
13337 10004 47 0
13337 10004 48 3
19135 2505 49 1
2623 28664 53 2
9970 25608 54 0
9970 25608 55 3
2623 28664 55 1
19281 7085 59 2
9152 18373 61 0
9152 18373 63 3
19281 7085 63 1
8194 9876 65 2
23826 28396 69 0
23826 28396 72 3
8194 9876 73 1
6249 14640 74 2
29174 18819 77 0
29174 18819 80 3
6249 14640 80 1
32611 1941 84 2
20289 8419 86 0
20289 8419 88 3
32611 1941 88 1
3805 7585 92 2
16216 31450 96 0
16216 31450 99 3
3805 7585 100 1
2609 11064 101 2
9166 16893 103 0
9166 16893 104 3
2609 11064 105 1
13509 30300 108 2
19695 9573 111 0
19695 9573 114 3
13509 30300 114 1
13161 31172 115 2
17968 27358 116 0
17968 27358 118 3
13161 31172 117 1
26268 19426 120 2
28510 10422 122 0
28510 10422 123 3
26268 19426 124 1
8779 30910 127 2
23552 4182 131 0
23552 4182 135 3
8779 30910 135 1
15495 5764 139 2
874 1364 141 0
874 1364 143 3
15495 5764 143 1
28255 4460 145 2
474 6972 149 0
474 6972 152 3
28255 4460 153 1
26122 25547 156 2
21577 9789 159 0
21577 9789 161 3
26122 25547 162 1
30195 27594 163 2
7950 16343 167 0
7950 16343 170 3
30195 27594 171 1
2481 1012 176 2
11672 23439 180 0
11672 23439 183 3
2481 1012 184 1
5912 9762 186 2
5967 24408 188 0
5967 24408 190 3
5912 9762 190 1
1908 17223 192 2
11759 26434 194 0
11759 26434 196 3
1908 17223 196 1
29486 4319 200 2
958 5945 204 0
958 5945 207 3
29486 4319 208 1
8166 18700 212 2
11367 17692 213 0
11367 17692 214 3
8166 18700 214 1
28532 30556 217 2
30974 3447 221 0
30974 3447 224 3
28532 30556 225 1
18283 26222 227 2
29331 2376 231 0
29331 2376 234 3
18283 26222 235 1
26948 12723 238 2
17982 22018 240 0
17982 22018 242 3
26948 12723 242 1
9220 31111 246 2
32182 23856 250 0
32182 23856 253 3
9220 31111 254 1
8925 4324 258 2
6486 19677 260 0
6486 19677 262 3
8925 4324 262 1
11643 7534 263 2
15677 22668 265 0
15677 22668 267 3
11643 7534 267 1
21991 32196 271 2
7783 16828 274 0
7783 16828 277 3
21991 32196 277 1
29426 15871 280 2
10697 17612 283 0
10697 17612 285 3
29426 15871 286 1
11027 11408 289 2
5545 9508 290 0
5545 9508 291 3
11027 11408 291 1
30238 24237 294 2
26443 21313 295 0
26443 21313 296 3
30238 24237 296 1
8850 25128 299 2
2111 23650 300 0
2111 23650 301 3
8850 25128 301 1
11192 1454 304 2
15869 681 305 0
15869 681 306 3
11192 1454 306 1
20267 17713 309 2
19793 18634 310 0
19793 18634 311 3
20267 17713 311 1
20972 22830 312 2
24901 28442 313 0
24901 28442 314 3
20972 22830 314 1
13877 25770 315 2
702 14364 318 0
702 14364 320 3
13877 25770 321 1
16590 8823 324 2
2237 8023 326 0
2237 8023 328 3
16590 8823 328 1
16595 20169 330 2
2327 12042 333 0
2327 12042 335 3
16595 20169 336 1
28182 11058 338 2
7926 9487 341 0
7926 9487 344 3
28182 11058 344 1
32528 5651 345 2
2258 7213 349 0
2258 7213 353 3
32528 5651 353 1
25783 21286 356 2
2742 8610 360 0
2742 8610 363 3
25783 21286 364 1
7128 18434 367 2
5841 20718 368 0
5841 20718 369 3
7128 18434 369 1
14867 24865 371 2
10938 1881 374 0
10938 1881 377 3
14867 24865 377 1
22750 28614 379 2
18598 28458 380 0
18598 28458 381 3
22750 28614 381 1
26063 32756 382 2
20807 20278 384 0
20807 20278 386 3
26063 32756 386 1
19435 6365 390 2
32075 7586 392 0
32075 7586 394 3
19435 6365 394 1
7833 8360 396 2
13330 26048 399 0
13330 26048 401 3
7833 8360 402 1
29492 12433 405 2
23840 6766 407 0
23840 6766 408 3
29492 12433 409 1
19810 11599 411 2
11837 21892 413 0
11837 21892 415 3
19810 11599 415 1
7328 29352 418 2
11369 31244 419 0
11369 31244 420 3
7328 29352 420 1
6608 9252 423 2
11647 17432 425 0
11647 17432 426 3
6608 9252 427 1
7208 3264 428 2
3497 23243 431 0
3497 23243 434 3
7208 3264 434 1
22015 26841 438 2
189 16100 442 0
189 16100 445 3
22015 26841 446 1
30648 9523 449 2
19851 24474 452 0
19851 24474 454 3
30648 9523 455 1
29891 27200 458 2
19854 9990 461 0
19854 9990 463 3
29891 27200 464 1
0 0 470 0
H ASHIP1 239
0 0 0 1
12570 905 2 0
12570 905 5 4
9464 19557 7 0
9464 19557 8 1
14161 30524 10 0
14161 30524 14 4
12549 17469 16 0
12549 17469 16 1
31923 28350 19 0
31923 28350 22 4
14333 22925 24 0
14333 22925 25 1
19737 16336 26 0
19737 16336 30 4
18337 1278 32 0
18337 1278 32 1
7636 30714 36 0
7636 30714 38 4
28164 31591 41 0
28164 31591 41 1
19135 2505 45 0
19135 2505 47 4
13337 10004 48 0
13337 10004 49 1
2623 28664 52 0
2623 28664 54 4
9970 25608 55 0
9970 25608 55 1
19281 7085 58 0
19281 7085 61 4
9152 18373 63 0
9152 18373 63 1
8194 9876 64 0
8194 9876 69 4
23826 28396 72 0
23826 28396 73 1
6249 14640 76 0
6249 14640 77 4
29174 18819 80 0
29174 18819 80 1
32611 1941 82 0
32611 1941 86 4
20289 8419 88 0
20289 8419 88 1
3805 7585 90 0
3805 7585 96 4
16216 31450 99 0
16216 31450 100 1
2609 11064 103 4
9166 16893 104 0
9166 16893 105 1
13509 30300 107 0
13509 30300 111 4
19695 9573 114 0
19695 9573 114 1
13161 31172 117 4
17968 27358 118 0
17968 27358 117 1
26268 19426 119 0
26268 19426 122 4
28510 10422 123 0
28510 10422 124 1
8779 30910 127 0
8779 30910 131 4
23552 4182 135 0
23552 4182 135 1
15495 5764 136 0
15495 5764 141 4
874 1364 143 0
874 1364 143 1
28255 4460 146 0
28255 4460 149 4
474 6972 152 0
474 6972 153 1
26122 25547 157 0
26122 25547 159 4
21577 9789 161 0
21577 9789 162 1
30195 27594 164 0
30195 27594 167 4
7950 16343 170 0
7950 16343 171 1
2481 1012 173 0
2481 1012 180 4
11672 23439 183 0
11672 23439 184 1
5912 9762 186 0
5912 9762 188 4
5967 24408 190 0
5967 24408 190 1
1908 17223 191 0
1908 17223 194 4
11759 26434 196 0
11759 26434 196 1
29486 4319 199 0
29486 4319 204 4
958 5945 207 0
958 5945 208 1
8166 18700 210 0
8166 18700 213 4
11367 17692 214 0
11367 17692 214 1
28532 30556 217 0
28532 30556 221 4
30974 3447 224 0
30974 3447 225 1
18283 26222 228 0
18283 26222 231 4
29331 2376 234 0
29331 2376 235 1
26948 12723 237 0
26948 12723 240 4
17982 22018 242 0
17982 22018 242 1
9220 31111 244 0
9220 31111 250 4
32182 23856 253 0
32182 23856 254 1
8925 4324 258 0
8925 4324 260 4
6486 19677 262 0
6486 19677 262 1
11643 7534 264 0
11643 7534 265 4
15677 22668 267 0
15677 22668 267 1
21991 32196 269 0
21991 32196 274 4
7783 16828 277 0
7783 16828 277 1
29426 15871 280 0
29426 15871 283 4
10697 17612 285 0
10697 17612 286 1
11027 11408 287 0
11027 11408 290 4
5545 9508 291 0
5545 9508 291 1
30238 24237 294 0
30238 24237 295 4
26443 21313 296 0
26443 21313 296 1
8850 25128 298 0
8850 25128 300 4
2111 23650 301 0
2111 23650 301 1
11192 1454 304 0
11192 1454 305 4
15869 681 306 0
15869 681 306 1
20267 17713 308 0
20267 17713 310 4
19793 18634 311 0
19793 18634 311 1
20972 22830 312 0
20972 22830 313 4
24901 28442 314 0
24901 28442 314 1
13877 25770 316 0
13877 25770 318 4
702 14364 320 0
702 14364 321 1
16590 8823 323 0
16590 8823 326 4
2237 8023 328 0
2237 8023 328 1
16595 20169 330 0
16595 20169 333 4
2327 12042 335 0
2327 12042 336 1
28182 11058 339 0
28182 11058 341 4
7926 9487 344 0
7926 9487 344 1
32528 5651 347 0
32528 5651 349 4
2258 7213 353 0
2258 7213 353 1
25783 21286 356 0
25783 21286 360 4
2742 8610 363 0
2742 8610 364 1
7128 18434 366 0
7128 18434 368 4
5841 20718 369 0
5841 20718 369 1
14867 24865 370 0
14867 24865 374 4
10938 1881 377 0
10938 1881 377 1
22750 28614 380 4
18598 28458 381 0
18598 28458 381 1
26063 32756 382 0
26063 32756 384 4
20807 20278 386 0
20807 20278 386 1
19435 6365 388 0
19435 6365 392 4
32075 7586 394 0
32075 7586 394 1
7833 8360 397 0
7833 8360 399 4
13330 26048 401 0
13330 26048 402 1
29492 12433 405 0
29492 12433 407 4
23840 6766 408 0
23840 6766 409 1
19810 11599 410 0
19810 11599 413 4
11837 21892 415 0
11837 21892 415 1
7328 29352 416 0
7328 29352 419 4
11369 31244 420 0
11369 31244 420 1
6608 9252 423 0
6608 9252 425 4
11647 17432 426 0
11647 17432 427 1
7208 3264 429 0
7208 3264 431 4
3497 23243 434 0
3497 23243 434 1
22015 26841 436 0
22015 26841 442 4
189 16100 445 0
189 16100 446 1
30648 9523 450 0
30648 9523 452 4
19851 24474 454 0
19851 24474 455 1
29891 27200 457 0
29891 27200 461 4
19854 9990 463 0
19854 9990 464 1
0 0 467 0
/