TRAC
41 485 340 526 49
739 489 387 988 34
710 173 304 843 21
491 997 953 831 26
423 618 905 153 42
394 438 734 737 25
452 747 785 549 29
931 692 325 52 44
731 834 353 363 23
668 156 718 281 48
572 671 694 789 47
871 731 750 556 48
328 38 212 843 38
136 49 950 283 48
473 828 905 735 30
365 21 132 417 28
648 635 108 973 26
851 970 383 944 48
960 471 650 334 37
559 134 84 951 31
837 146 643 687 44
939 990 308 704 26
26 773 950 91 20
834 803 588 102 32
10 303 170 654 25
791 678 589 35 42
377 151 957 745 36
433 138 221 25 47
472 299 780 393 25
917 241 767 245 38
428 970 533 43 23
197 900 623 780 25
427 365 651 557 28
489 622 45 605 40
301 866 383 31 26
45 375 222 687 24
289 738 53 1 38
965 906 791 145 37
731 907 672 505 37
423 324 623 835 24
323 623 953 468 40
254 535 587 820 23
230 19 849 641 39
734 198 505 96 23
553 588 343 512 28
225 471 624 600 46
812 296 608 818 39
184 492 645 556 42
44 203 208 686 28
197 834 910 175 41
218 636 296 75 38
668 388 890 893 43
898 162 867 417 31
30 332 669 31 49
560 504 919 413 25
722 602 512 24 39
878 702 414 798 35
439 7 595 206 45
115 457 645 780 42
962 173 156 746 49
995 360 370 720 25
565 437 565 448 22
175 78 739 756 49
435 295 22 703 39
571 454 885 961 33
218 300 436 314 45
512 298 467 759 44
712 347 691 791 43
317 379 216 73 32
818 833 965 317 26
349 577 669 10 21
148 219 242 136 21
540 470 184 476 34
680 318 465 270 34
180 539 749 669 36
321 478 50 170 28
805 914 975 398 22
628 503 418 323 44
363 899 396 179 33
98 494 325 525 37
790 302 764 670 22
998 105 488 242 27
806 103 557 627 33
925 34 2 74 41
34 459 522 620 35
44 500 142 239 46
77 907 206 368 23
5 284 199 235 43
730 785 914 671 45
562 140 707 697 44
47 127 602 715 28
328 388 488 682 23
874 509 19 492 49
175 802 105 91 26
19 761 202 335 26
257 55 780 171 29
889 103 594 490 47
488 627 652 634 28
448 548 908 976 23
620 740 274 205 25
/
SHIP
S ASHIP1 10
H BSHIP1 15 4000
/
MONE
81
S ASHIP1 41000
H BSHIP1 67000
/
ICEE
/