TRAC
41 485 340 526 49
739 489 387 988 34
710 173 304 843 21
491 997 953 831 26
423 618 905 153 42
394 438 734 737 25
452 747 785 549 29
931 692 325 52 44
731 834 353 363 23
668 156 718 281 48
572 671 694 789 47
871 731 750 556 48
328 38 212 843 38
136 49 950 283 48
473 828 905 735 30
365 21 132 417 28
648 635 108 973 26
851 970 383 944 48
960 471 650 334 37
559 134 84 951 31
837 146 643 687 44
939 990 308 704 26
26 773 950 91 20
834 803 588 102 32
10 303 170 654 25
791 678 589 35 42
377 151 957 745 36
433 138 221 25 47
472 299 780 393 25
917 241 767 245 38
428 970 533 43 23
197 900 623 780 25
427 365 651 557 28
489 622 45 605 40
301 866 383 31 26
45 375 222 687 24
289 738 53 1 38
965 906 791 145 37
731 907 672 505 37
423 324 623 835 24
323 623 953 468 40
254 535 587 820 23
230 19 849 641 39
734 198 505 96 23
553 588 343 512 28
225 471 624 600 46
812 296 608 818 39
184 492 645 556 42
44 203 208 686 28
197 834 910 175 41
218 636 296 75 38
668 388 890 893 43
898 162 867 417 31
30 332 669 31 49
560 504 919 413 25
722 602 512 24 39
878 702 414 798 35
439 7 595 206 45
115 457 645 780 42
962 173 156 746 49
995 360 370 720 25
565 437 565 448 22
175 78 739 756 49
435 295 22 703 39
571 454 885 961 33
218 300 436 314 45
512 298 467 759 44
712 347 691 791 43
317 379 216 73 32
818 833 965 317 26
349 577 669 10 21
148 219 242 136 21
540 470 184 476 34
680 318 465 270 34
180 539 749 669 36
321 478 50 170 28
805 914 975 398 22
628 503 418 323 44
363 899 396 179 33
98 494 325 525 37
790 302 764 670 22
998 105 488 242 27
806 103 557 627 33
925 34 2 74 41
34 459 522 620 35
44 500 142 239 46
77 907 206 368 23
5 284 199 235 43
730 785 914 671 45
562 140 707 697 44
47 127 602 715 28
328 388 488 682 23
874 509 19 492 49
175 802 105 91 26
19 761 202 335 26
257 55 780 171 29
889 103 594 490 47
488 627 652 634 28
448 548 908 976 23
620 740 274 205 25
265 268 208 124 40
346 40 801 417 37
174 541 819 938 28
784 944 871 680 49
930 730 976 595 45
20 488 201 84 39
305 772 376 326 47
113 134 901 820 40
474 450 6 411 45
546 142 732 847 36
78 379 841 499 26
239 627 366 534 27
366 294 892 390 46
35 646 122 729 26
596 65 447 153 39
569 565 940 318 25
65 978 587 763 44
988 478 383 554 43
609 485 911 646 37
870 679 950 225 22
777 517 763 195 29
842 224 887 627 34
220 814 873 415 39
723 205 746 638 34
561 994 186 730 22
558 896 300 427 41
874 879 155 473 31
907 444 710 753 43
324 685 50 322 25
92 830 610 18 42
140 725 182 854 20
514 713 109 516 29
16 160 372 333 41
766 66 269 335 49
203 612 289 193 23
832 798 628 321 47
566 585 586 658 37
570 155 271 840 34
621 83 235 691 43
16 849 606 415 29
672 454 55 88 45
804 513 994 293 47
636 503 242 685 26
365 19 193 516 20
176 567 626 933 21
710 849 241 750 25
979 540 303 433 28
258 597 661 973 34
935 86 566 740 46
696 770 277 527 25
317 959 867 558 45
533 346 897 610 23
153 496 179 112 30
792 930 120 437 37
611 995 29 570 48
564 372 90 945 27
431 489 54 685 48
353 608 92 242 38
983 908 160 690 49
855 451 645 748 27
540 803 53 258 25
45 862 654 235 48
942 362 289 790 44
969 341 758 436 45
375 32 571 505 34
524 981 365 83 23
158 227 969 97 46
620 199 453 436 35
646 841 394 123 25
52 750 170 844 44
264 658 959 868 42
356 36 132 248 41
639 13 669 190 30
651 667 655 903 23
437 465 22 269 23
459 319 650 329 26
148 135 329 217 39
52 229 101 339 48
74 179 392 279 43
679 672 935 916 41
517 972 283 666 34
222 407 929 834 39
881 279 27 641 21
33 966 790 530 22
717 338 704 594 22
943 56 416 492 44
520 970 962 499 35
294 961 897 58 20
984 290 132 231 35
822 348 42 242 28
110 955 101 730 24
798 388 844 976 21
133 680 127 923 23
788 1 150 985 29
139 18 953 805 33
384 28 209 802 20
76 886 995 72 43
889 179 309 200 25
685 644 678 600 29
697 690 110 126 29
/
SHIP
S ASHIP1 10
H BSHIP1 15 4000
/
MONE
81
S ASHIP1 41000
H BSHIP1 67000
/
ICEE
/