TRAC
922 973 191 55 45 
446 144 986 651 45 
874 916 629 517 40 
693 146 912 469 10 
640 857 949 815 10 
226 487 551 236 15 
180 394 183 955 15 
261 513 65 65 40 
611 140 878 78 45 
489 975 170 445 40 
214 865 333 149 5 
367 896 432 7 15 
231 641 810 882 15 
538 321 479 705 40 
276 646 208 447 10 
486 666 422 189 50 
253 860 614 28 30 
431 861 503 348 40 
752 106 197 455 15 
455 21 281 296 10 
376 135 318 124 40 
253 74 998 859 25 
153 888 643 635 15 
678 926 680 747 15 
855 199 961 801 5 
245 561 573 716 20 
181 353 550 274 20 
465 643 110 699 40 
476 112 981 529 15 
805 671 890 247 10 
165 320 989 32 15 
578 206 293 658 10 
396 166 171 206 45 
788 529 694 20 40 
617 978 969 984 50 
906 168 684 626 30 
199 390 118 97 45 
710 420 199 486 30 
318 85 415 813 10 
444 387 267 331 5 
/
SHIP
S ASHIP1 10
H BSHIP1 15 4000
/
MONE
81
S ASHIP1 41000
H BSHIP1 67000
/
ICEE
/