TRAC
41 485 340 526 49
739 489 387 988 34
710 173 304 843 21
491 997 953 831 26
423 618 905 153 42
394 438 734 737 25
452 747 785 549 29
931 692 325 52 44
731 834 353 363 23
668 156 718 281 48
572 671 694 789 47
871 731 750 556 48
328 38 212 843 38
136 49 950 283 48
473 828 905 735 30
365 21 132 417 28
648 635 108 973 26
851 970 383 944 48
960 471 650 334 37
559 134 84 951 31
837 146 643 687 44
939 990 308 704 26
26 773 950 91 20
834 803 588 102 32
10 303 170 654 25
791 678 589 35 42
377 151 957 745 36
433 138 221 25 47
472 299 780 393 25
917 241 767 245 38
428 970 533 43 23
197 900 623 780 25
427 365 651 557 28
489 622 45 605 40
301 866 383 31 26
45 375 222 687 24
289 738 53 1 38
965 906 791 145 37
731 907 672 505 37
423 324 623 835 24
323 623 953 468 40
254 535 587 820 23
230 19 849 641 39
734 198 505 96 23
553 588 343 512 28
225 471 624 600 46
812 296 608 818 39
184 492 645 556 42
44 203 208 686 28
197 834 910 175 41
218 636 296 75 38
668 388 890 893 43
898 162 867 417 31
30 332 669 31 49
560 504 919 413 25
722 602 512 24 39
878 702 414 798 35
439 7 595 206 45
115 457 645 780 42
962 173 156 746 49
995 360 370 720 25
565 437 565 448 22
175 78 739 756 49
435 295 22 703 39
571 454 885 961 33
218 300 436 314 45
512 298 467 759 44
712 347 691 791 43
317 379 216 73 32
818 833 965 317 26
349 577 669 10 21
148 219 242 136 21
540 470 184 476 34
680 318 465 270 34
180 539 749 669 36
321 478 50 170 28
805 914 975 398 22
628 503 418 323 44
363 899 396 179 33
98 494 325 525 37
790 302 764 670 22
998 105 488 242 27
806 103 557 627 33
925 34 2 74 41
34 459 522 620 35
44 500 142 239 46
77 907 206 368 23
5 284 199 235 43
730 785 914 671 45
562 140 707 697 44
47 127 602 715 28
328 388 488 682 23
874 509 19 492 49
175 802 105 91 26
19 761 202 335 26
257 55 780 171 29
889 103 594 490 47
488 627 652 634 28
448 548 908 976 23
620 740 274 205 25
265 268 208 124 40
346 40 801 417 37
174 541 819 938 28
784 944 871 680 49
930 730 976 595 45
20 488 201 84 39
305 772 376 326 47
113 134 901 820 40
474 450 6 411 45
546 142 732 847 36
78 379 841 499 26
239 627 366 534 27
366 294 892 390 46
35 646 122 729 26
596 65 447 153 39
569 565 940 318 25
65 978 587 763 44
988 478 383 554 43
609 485 911 646 37
870 679 950 225 22
777 517 763 195 29
842 224 887 627 34
220 814 873 415 39
723 205 746 638 34
561 994 186 730 22
558 896 300 427 41
874 879 155 473 31
907 444 710 753 43
324 685 50 322 25
92 830 610 18 42
140 725 182 854 20
514 713 109 516 29
16 160 372 333 41
766 66 269 335 49
203 612 289 193 23
832 798 628 321 47
566 585 586 658 37
570 155 271 840 34
621 83 235 691 43
16 849 606 415 29
672 454 55 88 45
804 513 994 293 47
636 503 242 685 26
365 19 193 516 20
176 567 626 933 21
710 849 241 750 25
979 540 303 433 28
258 597 661 973 34
935 86 566 740 46
696 770 277 527 25
317 959 867 558 45
533 346 897 610 23
153 496 179 112 30
792 930 120 437 37
611 995 29 570 48
564 372 90 945 27
431 489 54 685 48
353 608 92 242 38
983 908 160 690 49
855 451 645 748 27
540 803 53 258 25
45 862 654 235 48
942 362 289 790 44
969 341 758 436 45
375 32 571 505 34
524 981 365 83 23
158 227 969 97 46
620 199 453 436 35
646 841 394 123 25
52 750 170 844 44
264 658 959 868 42
356 36 132 248 41
639 13 669 190 30
651 667 655 903 23
437 465 22 269 23
459 319 650 329 26
148 135 329 217 39
52 229 101 339 48
74 179 392 279 43
679 672 935 916 41
517 972 283 666 34
222 407 929 834 39
881 279 27 641 21
33 966 790 530 22
717 338 704 594 22
943 56 416 492 44
520 970 962 499 35
294 961 897 58 20
984 290 132 231 35
822 348 42 242 28
110 955 101 730 24
798 388 844 976 21
133 680 127 923 23
788 1 150 985 29
139 18 953 805 33
384 28 209 802 20
76 886 995 72 43
889 179 309 200 25
685 644 678 600 29
697 690 110 126 29
693 529 705 871 41
413 834 822 523 26
694 116 708 983 40
691 27 673 735 24
338 435 919 902 44
964 777 793 451 41
810 280 327 607 37
331 504 13 157 40
138 835 88 579 40
314 26 181 55 45
722 248 498 725 21
144 455 965 746 24
2 53 294 486 48
449 945 876 676 28
514 217 469 659 28
34 147 410 50 45
657 487 608 837 38
857 321 614 285 29
370 468 895 540 45
579 770 576 358 27
449 916 853 864 46
254 453 941 658 39
544 950 589 162 42
656 695 792 383 34
414 169 722 972 28
588 646 690 90 25
532 475 630 548 24
582 905 473 576 32
175 554 561 486 20
954 378 347 947 40
756 352 355 279 23
643 744 192 622 49
154 507 350 14 37
625 692 979 633 48
300 92 161 391 22
202 885 849 424 32
255 654 203 837 33
643 942 309 427 35
808 592 232 481 45
611 75 175 909 44
522 330 714 582 39
174 203 985 385 41
294 445 538 432 44
787 940 575 186 31
510 769 874 365 42
283 464 474 978 21
148 572 598 798 35
225 621 957 359 24
483 13 683 462 38
917 771 972 432 25
909 240 770 460 34
515 323 958 950 36
174 718 378 709 27
560 586 5 450 31
301 248 360 378 43
974 735 0 40 36
229 142 214 879 40
933 328 492 696 29
654 541 692 690 38
13 228 790 844 37
455 886 707 629 33
38 419 550 517 35
268 261 469 334 21
858 153 113 673 29
203 455 884 681 35
287 730 812 652 22
992 852 925 470 37
890 795 702 378 21
606 831 239 31 39
611 189 329 54 40
210 69 933 496 40
560 656 260 220 40
808 307 744 618 22
135 452 846 738 43
881 889 948 882 37
772 642 616 486 41
89 788 827 298 39
454 371 107 593 26
840 368 343 74 38
521 445 863 772 45
829 610 848 913 22
335 381 380 275 34
614 261 658 449 45
215 267 500 266 39
37 867 189 116 32
678 532 870 498 33
920 227 873 0 37
923 797 600 943 44
343 500 899 547 43
543 499 199 280 41
561 849 841 528 45
547 571 823 819 32
223 562 599 6 31
286 73 213 621 37
839 307 809 588 38
170 438 515 159 49
936 81 390 35 27
218 483 521 385 47
210 86 735 623 49
789 67 902 194 23
729 951 477 743 24
819 864 406 475 25
914 601 156 684 38
59 401 616 247 27
23 678 241 900 39
526 789 117 650 45
303 925 693 188 39
83 604 762 21 49
105 997 680 700 23
919 795 580 96 38
178 254 958 521 48
60 202 978 930 48
656 996 146 462 37
543 643 945 879 31
484 934 154 723 21
824 975 883 660 32
236 559 496 257 42
971 206 402 210 37
68 92 515 270 28
99 894 154 615 47
447 170 5 502 20
155 336 878 236 22
34 459 904 383 42
886 841 658 238 47
711 485 327 544 21
466 232 655 298 39
219 452 693 494 25
30 643 864 282 37
379 515 871 453 32
467 211 128 760 31
313 307 47 479 37
151 336 144 387 24
888 23 86 262 42
645 644 916 161 22
751 708 945 703 20
815 985 213 875 43
721 583 592 268 43
302 551 377 182 47
701 128 661 482 22
531 990 114 489 21
255 916 687 813 22
62 992 329 188 31
667 304 223 604 48
208 198 184 399 37
51 717 544 802 39
2 980 7 638 45
642 687 177 923 28
109 146 414 214 45
500 218 432 730 21
828 442 91 318 30
332 274 395 457 46
521 364 844 102 21
159 301 278 697 45
337 342 621 689 36
775 51 432 5 22
554 68 409 362 49
678 184 106 600 27
771 513 225 510 42
476 680 763 126 44
114 538 251 967 21
876 114 659 346 23
107 96 882 432 23
988 254 243 91 48
57 562 945 802 43
271 679 963 97 25
885 727 861 705 26
473 730 75 832 49
165 607 849 912 20
382 583 907 983 40
837 807 233 518 20
345 88 67 524 20
554 494 797 116 20
358 83 423 707 25
686 145 611 493 28
343 415 241 10 42
154 466 780 68 42
21 939 536 257 28
395 740 723 667 20
338 771 172 916 43
662 1 223 134 31
679 689 655 761 23
61 3 49 279 33
431 829 750 256 33
236 672 882 773 40
20 68 595 508 46
279 344 546 686 40
620 734 300 962 21
498 203 612 978 48
803 11 275 155 47
223 62 90 947 29
9 804 986 983 41
124 818 591 671 34
703 458 11 548 27
232 846 858 379 33
49 293 829 737 40
611 632 251 208 42
790 383 330 385 31
568 438 468 628 35
757 37 843 180 25
63 396 746 294 42
609 666 825 739 25
339 144 312 370 44
628 627 247 98 24
13 332 762 251 34
159 864 991 474 45
624 755 509 365 23
163 711 241 651 24
909 763 498 951 32
303 858 740 570 26
633 192 82 410 39
747 462 708 791 29
301 687 866 149 48
749 46 151 597 47
105 576 817 76 21
801 435 138 584 45
912 205 102 727 20
496 71 354 337 20
996 95 594 201 27
521 242 907 56 43
691 928 32 200 49
696 145 500 12 43
662 544 648 23 36
737 861 852 593 29
986 902 24 969 44
257 356 704 715 32
166 697 354 906 27
431 411 838 721 42
943 155 429 896 32
286 216 731 887 43
742 227 588 376 28
606 818 273 476 45
893 202 552 76 27
532 646 108 48 26
234 78 72 571 46
467 992 464 414 31
991 845 982 566 21
526 52 621 829 48
933 457 331 278 41
412 143 776 666 39
318 971 90 588 27
358 893 500 113 30
250 732 295 630 20
368 662 281 66 32
667 479 327 715 20
12 583 426 911 35
26 373 758 216 49
211 198 46 388 21
848 476 361 384 43
978 735 81 410 23
531 471 735 130 49
159 532 583 106 29
733 246 854 62 38
89 389 571 801 40
760 753 518 874 48
508 110 379 704 23
56 536 119 564 24
859 39 247 932 32
656 608 492 643 46
197 225 629 370 28
211 666 873 885 32
920 290 439 789 22
282 866 698 916 37
748 893 711 278 39
65 399 938 644 21
5 159 41 649 29
175 648 191 883 37
307 453 710 508 20
203 102 261 465 23
856 660 64 916 30
294 6 810 235 21
298 681 329 18 31
441 898 733 646 43
571 887 684 681 25
406 683 797 620 30
226 498 310 279 48
429 175 611 813 21
291 27 516 4 28
710 530 463 130 45
547 846 483 633 48
763 125 947 491 34
586 511 624 180 26
548 677 558 497 35
941 387 776 757 38
448 287 94 726 21
37 771 403 578 23
810 209 945 167 23
693 239 707 692 37
505 989 263 882 27
160 961 669 905 28
474 461 623 143 23
732 172 883 438 45
990 826 404 720 36
983 338 251 702 32
689 58 501 943 21
833 106 432 766 34
609 490 202 506 48
606 867 836 906 37
40 821 373 992 46
114 505 96 438 20
582 690 420 669 36
/
SHIP
S ASHIP1 10
H BSHIP1 15 4000
/
MONE
81
S ASHIP1 41000
H BSHIP1 67000
/
ICEE
/