TRAC
41 485 340 526 49
739 489 387 988 34
710 173 304 843 21
491 997 953 831 26
423 618 905 153 42
394 438 734 737 25
452 747 785 549 29
931 692 325 52 44
731 834 353 363 23
668 156 718 281 48
572 671 694 789 47
871 731 750 556 48
328 38 212 843 38
136 49 950 283 48
473 828 905 735 30
365 21 132 417 28
648 635 108 973 26
851 970 383 944 48
960 471 650 334 37
559 134 84 951 31
837 146 643 687 44
939 990 308 704 26
26 773 950 91 20
834 803 588 102 32
10 303 170 654 25
791 678 589 35 42
377 151 957 745 36
433 138 221 25 47
472 299 780 393 25
917 241 767 245 38
428 970 533 43 23
197 900 623 780 25
427 365 651 557 28
489 622 45 605 40
301 866 383 31 26
45 375 222 687 24
289 738 53 1 38
965 906 791 145 37
731 907 672 505 37
423 324 623 835 24
323 623 953 468 40
254 535 587 820 23
230 19 849 641 39
734 198 505 96 23
553 588 343 512 28
225 471 624 600 46
812 296 608 818 39
184 492 645 556 42
44 203 208 686 28
197 834 910 175 41
218 636 296 75 38
668 388 890 893 43
898 162 867 417 31
30 332 669 31 49
560 504 919 413 25
722 602 512 24 39
878 702 414 798 35
439 7 595 206 45
115 457 645 780 42
962 173 156 746 49
995 360 370 720 25
565 437 565 448 22
175 78 739 756 49
435 295 22 703 39
571 454 885 961 33
218 300 436 314 45
512 298 467 759 44
712 347 691 791 43
317 379 216 73 32
818 833 965 317 26
349 577 669 10 21
148 219 242 136 21
540 470 184 476 34
680 318 465 270 34
180 539 749 669 36
321 478 50 170 28
805 914 975 398 22
628 503 418 323 44
363 899 396 179 33
98 494 325 525 37
790 302 764 670 22
998 105 488 242 27
806 103 557 627 33
925 34 2 74 41
34 459 522 620 35
44 500 142 239 46
77 907 206 368 23
5 284 199 235 43
730 785 914 671 45
562 140 707 697 44
47 127 602 715 28
328 388 488 682 23
874 509 19 492 49
175 802 105 91 26
19 761 202 335 26
257 55 780 171 29
889 103 594 490 47
488 627 652 634 28
448 548 908 976 23
620 740 274 205 25
265 268 208 124 40
346 40 801 417 37
174 541 819 938 28
784 944 871 680 49
930 730 976 595 45
20 488 201 84 39
305 772 376 326 47
113 134 901 820 40
474 450 6 411 45
546 142 732 847 36
78 379 841 499 26
239 627 366 534 27
366 294 892 390 46
35 646 122 729 26
596 65 447 153 39
569 565 940 318 25
65 978 587 763 44
988 478 383 554 43
609 485 911 646 37
870 679 950 225 22
777 517 763 195 29
842 224 887 627 34
220 814 873 415 39
723 205 746 638 34
561 994 186 730 22
558 896 300 427 41
874 879 155 473 31
907 444 710 753 43
324 685 50 322 25
92 830 610 18 42
140 725 182 854 20
514 713 109 516 29
16 160 372 333 41
766 66 269 335 49
203 612 289 193 23
832 798 628 321 47
566 585 586 658 37
570 155 271 840 34
621 83 235 691 43
16 849 606 415 29
672 454 55 88 45
804 513 994 293 47
636 503 242 685 26
365 19 193 516 20
176 567 626 933 21
710 849 241 750 25
979 540 303 433 28
258 597 661 973 34
935 86 566 740 46
696 770 277 527 25
317 959 867 558 45
533 346 897 610 23
153 496 179 112 30
792 930 120 437 37
611 995 29 570 48
564 372 90 945 27
431 489 54 685 48
353 608 92 242 38
983 908 160 690 49
855 451 645 748 27
540 803 53 258 25
45 862 654 235 48
942 362 289 790 44
969 341 758 436 45
375 32 571 505 34
524 981 365 83 23
158 227 969 97 46
620 199 453 436 35
646 841 394 123 25
52 750 170 844 44
264 658 959 868 42
356 36 132 248 41
639 13 669 190 30
651 667 655 903 23
437 465 22 269 23
459 319 650 329 26
148 135 329 217 39
52 229 101 339 48
74 179 392 279 43
679 672 935 916 41
517 972 283 666 34
222 407 929 834 39
881 279 27 641 21
33 966 790 530 22
717 338 704 594 22
943 56 416 492 44
520 970 962 499 35
294 961 897 58 20
984 290 132 231 35
822 348 42 242 28
110 955 101 730 24
798 388 844 976 21
133 680 127 923 23
788 1 150 985 29
139 18 953 805 33
384 28 209 802 20
76 886 995 72 43
889 179 309 200 25
685 644 678 600 29
697 690 110 126 29
693 529 705 871 41
413 834 822 523 26
694 116 708 983 40
691 27 673 735 24
338 435 919 902 44
964 777 793 451 41
810 280 327 607 37
331 504 13 157 40
138 835 88 579 40
314 26 181 55 45
722 248 498 725 21
144 455 965 746 24
2 53 294 486 48
449 945 876 676 28
514 217 469 659 28
34 147 410 50 45
657 487 608 837 38
857 321 614 285 29
370 468 895 540 45
579 770 576 358 27
449 916 853 864 46
254 453 941 658 39
544 950 589 162 42
656 695 792 383 34
414 169 722 972 28
588 646 690 90 25
532 475 630 548 24
582 905 473 576 32
175 554 561 486 20
954 378 347 947 40
756 352 355 279 23
643 744 192 622 49
154 507 350 14 37
625 692 979 633 48
300 92 161 391 22
202 885 849 424 32
255 654 203 837 33
643 942 309 427 35
808 592 232 481 45
611 75 175 909 44
522 330 714 582 39
174 203 985 385 41
294 445 538 432 44
787 940 575 186 31
510 769 874 365 42
283 464 474 978 21
148 572 598 798 35
225 621 957 359 24
483 13 683 462 38
917 771 972 432 25
909 240 770 460 34
515 323 958 950 36
174 718 378 709 27
560 586 5 450 31
301 248 360 378 43
974 735 0 40 36
229 142 214 879 40
933 328 492 696 29
654 541 692 690 38
13 228 790 844 37
455 886 707 629 33
38 419 550 517 35
268 261 469 334 21
858 153 113 673 29
203 455 884 681 35
287 730 812 652 22
992 852 925 470 37
890 795 702 378 21
606 831 239 31 39
611 189 329 54 40
210 69 933 496 40
560 656 260 220 40
808 307 744 618 22
135 452 846 738 43
881 889 948 882 37
772 642 616 486 41
89 788 827 298 39
454 371 107 593 26
840 368 343 74 38
521 445 863 772 45
829 610 848 913 22
335 381 380 275 34
614 261 658 449 45
215 267 500 266 39
37 867 189 116 32
678 532 870 498 33
920 227 873 0 37
923 797 600 943 44
343 500 899 547 43
543 499 199 280 41
561 849 841 528 45
547 571 823 819 32
223 562 599 6 31
286 73 213 621 37
839 307 809 588 38
170 438 515 159 49
936 81 390 35 27
218 483 521 385 47
210 86 735 623 49
789 67 902 194 23
729 951 477 743 24
819 864 406 475 25
914 601 156 684 38
59 401 616 247 27
23 678 241 900 39
526 789 117 650 45
303 925 693 188 39
83 604 762 21 49
105 997 680 700 23
919 795 580 96 38
178 254 958 521 48
60 202 978 930 48
656 996 146 462 37
543 643 945 879 31
484 934 154 723 21
824 975 883 660 32
236 559 496 257 42
971 206 402 210 37
68 92 515 270 28
99 894 154 615 47
447 170 5 502 20
155 336 878 236 22
34 459 904 383 42
886 841 658 238 47
711 485 327 544 21
466 232 655 298 39
219 452 693 494 25
30 643 864 282 37
379 515 871 453 32
467 211 128 760 31
313 307 47 479 37
151 336 144 387 24
888 23 86 262 42
645 644 916 161 22
751 708 945 703 20
815 985 213 875 43
721 583 592 268 43
302 551 377 182 47
701 128 661 482 22
531 990 114 489 21
255 916 687 813 22
62 992 329 188 31
667 304 223 604 48
208 198 184 399 37
51 717 544 802 39
2 980 7 638 45
642 687 177 923 28
109 146 414 214 45
500 218 432 730 21
828 442 91 318 30
332 274 395 457 46
521 364 844 102 21
159 301 278 697 45
337 342 621 689 36
775 51 432 5 22
554 68 409 362 49
678 184 106 600 27
771 513 225 510 42
476 680 763 126 44
114 538 251 967 21
876 114 659 346 23
107 96 882 432 23
988 254 243 91 48
57 562 945 802 43
271 679 963 97 25
885 727 861 705 26
473 730 75 832 49
165 607 849 912 20
382 583 907 983 40
837 807 233 518 20
345 88 67 524 20
554 494 797 116 20
358 83 423 707 25
686 145 611 493 28
343 415 241 10 42
154 466 780 68 42
21 939 536 257 28
395 740 723 667 20
338 771 172 916 43
662 1 223 134 31
679 689 655 761 23
61 3 49 279 33
431 829 750 256 33
236 672 882 773 40
20 68 595 508 46
279 344 546 686 40
620 734 300 962 21
498 203 612 978 48
803 11 275 155 47
223 62 90 947 29
9 804 986 983 41
124 818 591 671 34
703 458 11 548 27
232 846 858 379 33
49 293 829 737 40
611 632 251 208 42
790 383 330 385 31
568 438 468 628 35
757 37 843 180 25
63 396 746 294 42
609 666 825 739 25
339 144 312 370 44
628 627 247 98 24
13 332 762 251 34
159 864 991 474 45
624 755 509 365 23
163 711 241 651 24
909 763 498 951 32
303 858 740 570 26
633 192 82 410 39
747 462 708 791 29
301 687 866 149 48
749 46 151 597 47
105 576 817 76 21
801 435 138 584 45
912 205 102 727 20
496 71 354 337 20
996 95 594 201 27
521 242 907 56 43
691 928 32 200 49
696 145 500 12 43
662 544 648 23 36
737 861 852 593 29
986 902 24 969 44
257 356 704 715 32
166 697 354 906 27
431 411 838 721 42
943 155 429 896 32
286 216 731 887 43
742 227 588 376 28
606 818 273 476 45
893 202 552 76 27
532 646 108 48 26
234 78 72 571 46
467 992 464 414 31
991 845 982 566 21
526 52 621 829 48
933 457 331 278 41
412 143 776 666 39
318 971 90 588 27
358 893 500 113 30
250 732 295 630 20
368 662 281 66 32
667 479 327 715 20
12 583 426 911 35
26 373 758 216 49
211 198 46 388 21
848 476 361 384 43
978 735 81 410 23
531 471 735 130 49
159 532 583 106 29
733 246 854 62 38
89 389 571 801 40
760 753 518 874 48
508 110 379 704 23
56 536 119 564 24
859 39 247 932 32
656 608 492 643 46
197 225 629 370 28
211 666 873 885 32
920 290 439 789 22
282 866 698 916 37
748 893 711 278 39
65 399 938 644 21
5 159 41 649 29
175 648 191 883 37
307 453 710 508 20
203 102 261 465 23
856 660 64 916 30
294 6 810 235 21
298 681 329 18 31
441 898 733 646 43
571 887 684 681 25
406 683 797 620 30
226 498 310 279 48
429 175 611 813 21
291 27 516 4 28
710 530 463 130 45
547 846 483 633 48
763 125 947 491 34
586 511 624 180 26
548 677 558 497 35
941 387 776 757 38
448 287 94 726 21
37 771 403 578 23
810 209 945 167 23
693 239 707 692 37
505 989 263 882 27
160 961 669 905 28
474 461 623 143 23
732 172 883 438 45
990 826 404 720 36
983 338 251 702 32
689 58 501 943 21
833 106 432 766 34
609 490 202 506 48
606 867 836 906 37
40 821 373 992 46
114 505 96 438 20
582 690 420 669 36
668 130 195 103 45
413 281 704 759 31
156 527 301 892 44
568 875 832 915 48
652 909 484 893 45
286 291 50 798 21
868 522 939 797 44
278 697 349 350 21
739 319 979 597 36
72 112 945 177 22
826 736 586 716 37
3 914 169 718 42
558 75 956 122 41
139 839 883 849 25
397 216 664 286 35
883 104 786 482 38
923 545 637 222 47
131 154 402 87 42
189 756 505 956 38
739 457 673 678 25
730 7 727 968 22
18 466 120 684 36
152 516 7 305 24
289 821 65 667 48
687 119 886 64 31
289 624 921 80 39
841 719 632 548 37
786 700 465 98 21
840 460 232 809 44
334 286 151 907 28
182 868 661 89 49
892 929 112 429 34
207 128 421 780 27
422 687 797 704 20
843 901 621 103 34
215 562 16 108 28
636 454 619 397 34
698 126 939 505 48
372 111 440 612 39
332 292 998 355 26
833 636 499 840 37
246 102 45 837 24
989 448 814 655 32
337 134 959 63 49
862 725 780 539 36
818 411 152 860 30
183 651 347 587 37
113 76 595 939 35
656 790 37 439 39
267 756 383 150 37
15 601 961 124 49
982 456 791 30 42
869 81 100 480 42
708 556 380 272 41
290 549 532 771 29
535 761 124 919 41
970 420 592 532 22
430 516 514 468 33
276 430 635 56 30
476 182 674 976 44
537 250 489 772 27
785 658 477 764 46
530 290 168 570 35
118 260 411 718 29
42 345 67 368 28
477 157 496 844 30
945 656 744 288 26
119 338 336 66 27
485 240 731 861 47
478 286 977 806 30
735 66 407 339 26
134 335 640 185 22
972 173 884 707 24
798 13 224 121 41
501 385 953 894 29
361 396 280 445 44
590 588 518 958 28
328 169 431 128 34
78 350 850 982 48
637 308 608 835 23
467 8 492 357 48
386 308 408 193 47
319 933 596 442 46
888 35 484 936 43
998 514 595 822 43
392 390 430 235 47
709 582 318 867 47
184 480 276 796 48
698 49 141 596 31
689 406 53 178 20
762 552 688 344 40
390 9 602 625 39
650 773 396 636 48
945 277 932 623 29
500 738 306 417 43
469 850 617 836 49
868 296 186 306 44
359 146 233 481 38
569 263 450 710 36
45 711 272 354 31
882 210 990 184 36
884 990 898 894 48
483 813 557 817 26
651 522 581 319 24
85 153 270 595 43
714 482 973 158 44
949 179 514 103 31
697 838 515 313 37
557 613 321 731 39
633 814 814 775 20
190 597 126 420 42
976 228 539 833 44
713 727 18 931 23
683 229 24 779 31
972 938 49 789 34
533 961 239 128 43
268 863 142 604 47
342 152 115 428 38
497 157 945 446 31
316 540 638 939 37
57 241 227 765 20
265 296 342 805 28
453 31 565 695 20
459 384 645 653 44
58 993 862 262 29
793 808 322 269 22
761 11 488 589 48
585 190 455 209 31
306 123 355 63 41
75 35 69 41 46
749 820 642 856 41
383 714 925 662 33
640 335 89 882 23
4 587 666 686 27
864 405 138 315 33
874 477 353 164 38
419 222 512 930 31
7 672 807 205 20
852 283 732 973 43
789 726 273 836 34
507 177 861 833 45
926 978 18 649 45
348 299 50 272 20
882 990 924 318 35
877 503 556 144 23
777 261 998 200 33
970 29 886 65 42
617 530 175 257 48
947 911 196 457 28
257 751 510 229 33
465 237 122 585 37
635 27 157 718 49
560 255 872 777 28
984 709 405 70 20
826 230 164 616 36
641 832 27 396 41
365 698 326 341 23
334 642 475 414 49
107 126 853 70 42
923 296 478 384 47
898 990 876 331 43
457 927 484 474 41
645 651 548 241 44
946 703 428 606 33
93 209 644 104 41
143 546 864 23 37
653 719 318 122 27
423 946 910 649 21
951 52 997 758 20
914 470 664 646 43
48 578 367 826 31
907 248 588 912 45
304 78 739 268 21
21 11 184 722 36
110 190 422 934 47
327 476 926 202 48
966 111 769 797 21
312 273 730 265 38
634 240 601 192 24
469 162 31 700 43
37 864 538 840 43
655 220 314 942 43
949 610 279 589 29
274 149 399 424 28
47 176 25 392 41
696 893 897 15 44
484 945 506 837 23
920 804 991 310 30
501 103 550 787 34
193 93 247 891 23
253 930 265 469 48
174 111 257 237 20
116 290 380 427 38
161 656 986 256 22
740 906 724 199 46
375 363 929 125 40
99 847 601 419 30
838 665 905 871 43
748 256 592 953 35
538 804 236 632 34
384 940 233 555 42
300 487 709 987 41
501 768 503 805 20
149 116 323 961 32
142 541 679 861 27
558 989 680 94 32
752 427 770 30 35
709 87 933 722 28
512 157 849 323 29
555 57 838 914 48
612 33 608 122 37
640 1 973 561 40
258 153 76 436 29
687 120 51 798 31
413 692 975 785 29
983 443 960 478 46
881 513 353 195 27
77 26 893 411 35
156 394 140 515 25
504 278 15 781 39
520 240 20 341 30
826 0 716 462 24
245 495 511 822 23
644 700 995 366 39
154 38 616 895 33
868 976 711 989 48
643 759 449 695 29
733 898 611 285 32
647 99 27 823 20
849 664 625 922 37
776 144 580 552 38
288 649 736 93 39
742 11 654 819 44
850 59 931 462 43
104 184 153 79 37
833 769 358 930 36
935 219 532 265 27
605 318 899 985 47
85 592 743 5 25
852 353 359 442 25
772 67 511 773 33
802 533 170 612 24
873 494 251 232 49
507 515 193 67 41
660 633 38 753 42
923 930 868 150 20
43 922 292 526 46
345 768 59 421 33
950 2 854 799 45
226 604 295 353 38
693 16 738 32 41
225 551 991 716 40
399 775 348 963 44
710 530 390 412 40
250 515 506 787 21
672 855 516 97 26
132 274 862 700 29
686 169 216 998 32
888 7 925 318 27
708 242 274 473 42
247 429 114 936 24
360 590 284 793 42
885 333 827 681 34
364 602 44 336 24
577 208 218 673 36
79 649 944 827 40
469 979 650 440 27
306 571 7 690 33
727 384 670 355 26
653 522 60 147 48
437 497 919 532 48
206 128 239 47 45
528 495 594 32 37
772 344 392 146 26
516 334 594 518 39
871 303 306 368 28
15 187 780 524 24
761 64 741 676 45
550 565 436 392 22
565 910 138 323 47
70 800 251 240 49
468 654 830 861 38
472 880 700 993 26
142 653 244 750 38
46 996 271 846 36
549 972 596 152 40
363 311 887 52 25
20 295 672 478 41
493 265 723 237 26
944 638 81 536 37
533 673 284 78 42
818 52 147 9 32
932 334 182 205 49
380 415 370 26 40
350 799 802 334 32
884 911 213 793 42
564 305 808 865 30
323 46 390 763 44
737 536 56 110 26
937 609 800 638 42
85 139 394 434 41
615 456 2 649 23
65 770 597 909 20
643 192 437 349 43
888 720 863 400 32
209 856 203 830 39
759 689 631 610 22
160 880 153 346 33
820 921 583 507 37
222 454 266 981 21
971 708 541 186 37
272 181 468 775 40
976 96 388 178 26
553 324 50 478 24
596 280 747 232 26
138 333 720 841 41
86 415 651 205 44
471 943 92 16 31
599 628 219 522 32
71 658 136 885 37
10 900 124 321 46
1 916 916 976 35
761 209 578 212 24
199 710 883 129 37
264 731 872 99 26
144 634 791 886 48
570 148 501 725 39
192 351 327 819 34
106 698 235 970 41
345 159 129 679 26
574 658 955 930 42
923 299 500 894 34
98 208 727 430 46
235 497 994 290 44
946 673 5 457 21
462 247 642 86 31
85 246 809 11 43
680 564 323 502 38
751 922 478 955 46
224 694 799 600 24
701 568 253 485 44
754 357 669 195 40
270 467 862 534 36
321 214 142 297 26
734 694 38 300 22
258 488 331 876 45
493 531 127 203 38
919 866 790 275 27
476 371 276 875 41
30 180 854 465 33
104 37 989 534 48
39 314 208 17 36
774 698 917 396 40
36 459 756 421 23
483 85 787 786 31
816 522 363 0 25
728 965 754 913 46
112 668 87 766 31
269 4 642 695 49
253 818 92 297 48
527 412 32 986 37
133 225 252 708 24
570 574 259 372 40
685 378 91 305 41
983 540 620 892 33
676 148 529 792 40
390 287 292 723 36
987 524 565 518 46
474 200 445 217 46
382 86 696 926 20
361 816 175 30 32
341 714 537 660 49
202 82 321 866 47
429 159 996 970 49
332 581 785 492 31
991 170 80 730 48
731 433 97 716 43
782 546 275 649 42
516 976 14 188 48
221 655 853 457 26
294 425 456 323 43
403 350 90 484 33
943 133 612 448 43
159 152 615 496 43
408 397 882 328 46
857 247 856 896 29
132 800 616 486 41
459 124 288 111 39
535 604 720 569 42
767 265 617 983 27
896 816 870 711 29
259 335 437 29 41
478 891 456 737 38
100 406 873 305 46
39 541 603 727 21
67 109 182 43 43
684 312 747 0 41
532 234 324 605 20
425 520 734 880 28
567 576 144 33 36
/
SHIP
S ASHIP1 10
H BSHIP1 15 4000
/
MONE
81
S ASHIP1 41000
H BSHIP1 67000
/
ICEE
/