TRAC
40000 40000 50000 50000 45
-40000 -40000 -50000 -50000 10
42000 42000 51000 53000 45
-42000 -42000 -52000 -58000 10
44000 44000 53000 54000 47
-44000 -44000 -53000 -59000 10
46000 46000 55000 56000 45
-46000 -46000 -55000 -56000 10

-40000 40000 -50000 50000 45
40000 -40000 50000 -50000 10
-42000 42000 -51000 53000 45
42000 -42000 52000 -58000 10
-44000 44000 -53000 54000 47
44000 -44000 53000 -59000 10
-46000 46000 -55000 56000 45
46000 -46000 55000 -56000 10
/
SHIP
S ASHIP1 1
H BSHIP1 1 20000
/
MONE
81
S ASHIP1 41000
H BSHIP1 67000
/
ICEE
/