TRAC
50041 58467 56334 56500 49
-55724 51478 -59358 56962 34
55705 -58145 53281 -56827 21
-50491 -52995 -51942 -54827 26
52391 54604 53902 50153 42
-52382 57421 -58716 59718 25
55447 -51726 54771 -51538 29
-59912 -55667 -56299 -57035 44
58703 53811 51322 50333 23
-54664 55141 -57711 58253 48
55547 -57644 52662 -52757 47
-52859 -58723 -59741 -57529 48
52316 53035 52190 51842 38
-50106 59040 -58942 59264 48
57446 -53805 55890 -56729 30
-55350 -55006 -51101 -54393 28
59629 52623 54084 59954 26
-51840 54966 -57376 53931 48
56944 -52439 54626 -51323 37
-51538 -56118 -52082 -52929 31
54833 51115 54639 59658 44
-59930 53977 -52306 51673 26
55021 -58745 56924 -59072 20
-55829 -56777 -55573 -55097 32
53986 53290 59161 58636 25
-54767 53655 -55574 54031 42
57350 -51150 56941 -51724 36
-53430 -51107 -50191 -58007 47
55457 52287 57753 50383 25
-58909 52209 -59758 54221 38
56422 -54946 57506 -53030 23
-59168 -50900 -52591 -58762 25
57410 56359 57624 50537 28
-56483 57595 -54041 53602 40
50291 -50836 59374 -51020 26
-54021 -57348 -53199 -59668 24
58281 54734 50053 51999 38
-57938 56900 -53788 58127 37
53728 -54893 54648 -52483 37
-52421 -54310 -56617 -52813 24
54309 57616 58935 57451 40
-55249 56519 -51556 52798 23
56224 -51008 55844 -52609 39
-52702 -53195 -50485 -53093 23
50523 51587 59314 59503 28
-55200 53458 -56618 50580 46
54798 -55281 59589 -50798 39
-57157 -50472 -53622 -58538 42
56038 54179 58190 59657 28
-56191 59815 -52888 59156 41
56202 -52634 54272 -50055 38
-52646 -56362 -54886 -58875 43
59869 50142 53844 51416 31
-51998 50322 -58651 50021 49
53557 -58476 57892 -54389 25
-50712 -52600 -52510 -51003 39
57861 54688 53401 59789 35
-56423 55002 -50585 54182 45
57088 -51426 58617 -53757 42
-50932 -54169 -52154 -55721 49
59976 51329 52368 58692 25
-50555 53434 -56549 57441 22
50145 -58060 51718 -53753 49
-52423 -56279 -55996 -56687 39
/
SHIP
S ASHIP1 1
H BSHIP1 1 20000
/
MONE
81
S ASHIP1 41000
H BSHIP1 67000
/
ICEE
1 0 1000
2 1000 2000
/