TRAC
291 467 334 250 49
-474 478 -358 462 34
455 -395 281 -327 21
-491 -495 -442 -327 26
391 604 652 653 42
-632 671 -716 718 25
697 -726 521 -538 29
-662 -667 -549 -535 44
453 311 322 333 23
-414 391 -461 253 48
297 -394 412 -257 47
-359 -473 -491 -279 48
316 535 690 592 38
-606 540 -692 514 48
696 -555 640 -729 30
-600 -506 -601 -643 28
379 373 334 454 26
-340 466 -376 431 48
444 -439 376 -323 37
-288 -368 -332 -429 31
333 615 639 658 44
-680 727 -556 673 26
521 -745 674 -572 20
-579 -527 -573 -597 32
486 290 411 386 25
-267 405 -324 281 42
350 -400 441 -474 36
-430 -357 -441 -257 47
457 537 503 633 25
-659 709 -508 721 38
672 -696 506 -530 23
-668 -650 -591 -512 25
410 359 374 287 28
-483 345 -291 352 40
291 -336 374 -270 26
-271 -348 -449 -418 24
281 734 553 749 38
-688 650 -538 627 37
728 -643 648 -733 37
-671 -560 -617 -563 24
309 366 435 451 40
-499 269 -306 298 23
474 -258 344 -359 39
-452 -445 -485 -343 23
273 587 564 503 28
-700 708 -618 580 46
548 -531 589 -548 39
-657 -722 -622 -538 42
288 429 440 407 28
-441 315 -388 406 41
452 -384 272 -305 38
-396 -362 -386 -375 43
369 642 594 666 31
-748 572 -651 521 49
557 -726 642 -639 25
-712 -600 -510 -503 39
361 438 401 289 35
-423 252 -335 432 45
338 -426 367 -257 42
-432 -419 -404 -471 49
476 579 618 692 25
-555 684 -549 691 22
645 -560 718 -503 49
-673 -529 -746 -687 39
299 437 366 449 33
-445 297 -416 286 45
488 -282 455 -484 44
-451 -316 -421 -286 43
313 605 685 553 32
-558 582 -695 563 26
571 -558 646 -732 21
-644 -696 -722 -629 21
285 450 423 466 34
-409 292 -439 253 34
404 -260 495 -399 36
-313 -474 -272 -418 28
287 655 708 641 22
-625 727 -664 564 44
584 -624 622 -659 33
-570 -737 -547 -518 37
273 270 263 418 22
-485 352 -480 463 27
302 -349 277 -375 33
-424 -273 -472 -311 41
253 682 505 593 35
-531 742 -642 722 46
564 -650 687 -610 23
-724 -520 -670 -735 43
461 260 396 417 45
-300 390 -444 445 44
269 -375 326 -444 28
-302 -371 -466 -428 23
351 734 518 714 49
-652 550 -587 560 26
510 -507 670 -565 26
-727 -543 -508 -664 29
382 336 315 487 47
-474 375 -377 379 28
423 -270 402 -462 23
-346 -487 -261 -445 25
264 510 702 616 40
-576 511 -521 661 37
653 -520 540 -674 28
-513 -690 -601 -662 49
400 463 458 328 45
-257 477 -450 308 39
303 -260 357 -324 47
-358 -363 -387 -301 40
460 678 743 634 45
-540 611 -704 585 36
572 -600 573 -735 26
-716 -626 -607 -526 27
337 271 369 361 46
-272 367 -362 467 26
335 -291 423 -379 39
-315 -309 -432 -296 25
303 712 584 734 44
-722 707 -619 532 43
607 -733 661 -635 37
-598 -675 -688 -723 22
254 261 491 425 29
-325 471 -370 376 34
455 -283 350 -398 39
-451 -443 -484 -387 34
306 743 676 705 22
-548 631 -550 663 41
605 -605 642 -712 31
-627 -674 -678 -502 43
296 423 290 313 25
-322 318 -360 267 42
362 -445 419 -331 20
-488 -435 -340 -497 29
490 645 603 564 41
-740 544 -508 585 49
692 -605 514 -681 23
-579 -525 -608 -542 47
299 306 311 377 37
-291 379 -490 313 34
351 -327 465 -433 43
-492 -324 -351 -392 29
420 678 527 584 45
-536 748 -720 537 47
604 -503 721 -663 26
-613 -510 -671 -739 20
414 292 369 413 21
-454 318 -482 250 25
475 -289 303 -422 28
-497 -334 -398 -471 34
413 575 545 712 46
-678 519 -512 519 25
539 -694 615 -540 45
-508 -568 -620 -601 23
382 472 402 337 30
-263 401 -353 423 37
350 -469 265 -315 48
-293 -347 -338 -443 27
409 713 549 681 48
-592 608 -560 721 38
704 -638 646 -690 49
-593 -680 -620 -748 27
286 283 285 476 25
-288 353 -379 474 48
423 -359 257 -266 44
-455 -318 -476 -411 45
355 501 549 746 34
-515 714 -592 575 23
642 -696 698 -572 46
-606 -673 -679 -654 35
376 312 375 343 25
-286 486 -391 314 44
256 -402 436 -338 42
-355 -265 -381 -480 41
375 511 637 686 30
-650 662 -634 643 23
666 -702 508 -512 23
-704 -553 -634 -553 26
398 374 317 463 39
-278 450 -330 318 48
300 -405 361 -264 43
-426 -393 -409 -402 41
489 698 532 653 34
-720 652 -673 581 39
628 -509 508 -619 21
-503 -695 -531 -504 22
435 313 448 339 22
-438 287 -410 461 44
258 -461 459 -493 35
-269 -437 -369 -308 20
471 514 617 715 35
-565 580 -539 712 28
582 -704 585 -710 24
-524 -630 -565 -701 21
365 429 360 398 23
-288 477 -382 456 29
363 -258 441 -290 33
-363 -278 -434 -278 20
321 635 724 571 43
-617 653 -545 668 25
676 -629 650 -598 29
-693 -686 -580 -616 29
417 278 429 364 41
-405 326 -316 266 26
416 -337 431 -464 40
-436 -271 -412 -471 24
309 665 652 623 44
-691 745 -512 673 41
556 -518 568 -602 37
-557 -731 -512 -636 40
364 309 334 306 40
-293 496 -402 304 45
458 -498 491 -462 21
-364 -439 -458 -472 24
495 552 519 729 48
-673 668 -616 659 28
736 -696 712 -633 28
-522 -646 -642 -537 45
397 458 352 307 38
-330 292 -350 278 29
352 -448 382 -290 45
-325 -262 -317 -336 27
418 647 578 601 46
-730 699 -675 658 39
520 -690 560 -647 42
-655 -675 -542 -611 34
398 396 464 446 28
-319 388 -413 325 25
271 -475 365 -278 24
-320 -405 -464 -307 32
411 524 549 719 20
-673 600 -583 675 40
737 -586 587 -528 23
-636 -714 -664 -591 49
385 255 337 254 37
-373 414 -470 358 48
281 -335 402 -373 22
-444 -376 -326 -396 32
499 640 674 569 33
-611 691 -539 669 35
555 -585 716 -700 45
-609 -564 -666 -643 44
259 300 445 323 39
-411 422 -468 358 41
268 -426 260 -422 44
-279 -410 -302 -432 31
495 514 624 614 42
-505 710 -724 722 21
622 -547 577 -539 35
-695 -594 -700 -593 24
481 262 422 439 38
-412 262 -467 408 25
408 -473 259 -434 34
-486 -319 -458 -445 36
416 700 617 692 27
-532 556 -724 697 31
533 -722 581 -626 43
-698 -723 -732 -518 36
470 361 432 356 40
-425 324 -486 427 29
393 -284 427 -418 38
-491 -446 -283 -328 37
426 621 697 612 33
-527 658 -545 508 35
738 -737 693 -563 21
-600 -628 -611 -650 29
442 454 369 431 35
-267 463 -293 384 22
472 -330 401 -442 37
-377 -270 -452 -364 21
340 573 737 523 39
-595 669 -577 542 40
682 -558 676 -737 40
-528 -651 -508 -713 40
283 286 492 360 22
-378 434 -341 468 43
367 -365 438 -381 37
-250 -364 -348 -458 41
313 506 557 528 39
-685 615 -575 586 26
583 -610 580 -548 38
-742 -683 -590 -516 45
310 349 337 392 22
-328 352 -369 494 34
358 -252 397 -432 45
-458 -264 -497 -493 39
265 591 689 600 32
-648 523 -601 724 33
641 -700 604 -740 37
-669 -530 -578 -681 44
340 487 399 275 43
-288 492 -443 252 41
310 -334 340 -497 45
-279 -290 -305 -291 32
460 549 578 729 31
-527 573 -693 620 37
576 -526 540 -582 38
-659 -668 -739 -659 49
424 322 380 258 27
-458 477 -253 370 47
446 -324 472 -361 49
-261 -306 -390 -413 23
466 682 702 741 24
-563 612 -646 710 25
654 -599 636 -680 38
-532 -637 -584 -740 27
256 420 491 382 39
-273 258 -355 371 45
296 -416 428 -428 39
-308 -327 -250 -257 49
331 745 678 676 23
-649 534 -565 593 38
672 -743 679 -514 48
-555 -691 -723 -672 48
401 486 394 446 37
-267 379 -416 374 31
469 -412 396 -443 21
-315 -449 -357 -390 32
486 551 737 726 42
-705 683 -644 680 37
565 -565 513 -511 28
-578 -628 -640 -611 47
445 420 475 489 20
-399 333 -365 464 22
257 -432 396 -367 42
-382 -310 -391 -481 47
455 729 571 538 21
-697 708 -646 526 39
689 -672 666 -736 25
-528 -614 -610 -503 37
348 253 361 431 32
-455 447 -356 252 31
296 -281 271 -455 37
-374 -318 -385 -376 24
359 748 574 503 42
-635 643 -638 653 22
747 -680 676 -678 20
-551 -711 -699 -605 43
466 323 311 495 43
-274 300 -353 431 47
449 -360 393 -465 22
-279 -481 -362 -476 21
497 640 671 555 22
-532 739 -570 665 31
658 -543 706 -578 48
-706 -671 -666 -646 37
270 444 279 288 39
-484 469 -478 367 45
376 -434 418 -406 28
-347 -368 -390 -449 45
486 699 670 710 21
-563 665 -585 568 30
581 -517 637 -694 46
-507 -610 -577 -574 21
402 271 268 443 45
-337 311 -354 427 36
268 -272 413 -250 22
-287 -288 -388 -355 49
397 681 593 584 27
-511 743 -717 501 42
697 -665 503 -604 44
-595 -525 -721 -714 21
372 356 406 343 23
-330 330 -368 411 23
468 -251 466 -329 48
-290 -281 -433 -279 43
259 653 686 595 25
-624 720 -585 680 26
705 -725 571 -558 49
-656 -602 -582 -655 20
375 312 385 462 40
-336 297 -452 258 20
340 -326 308 -493 20
-296 -474 -273 -347 20
335 572 650 707 25
-666 641 -588 731 28
565 -646 725 -509 42
-636 -705 -512 -543 42
271 422 262 498 28
-368 467 -464 400 20
335 -259 419 -395 43
-390 -479 -449 -355 31
411 681 652 503 23
-529 737 -542 503 33
670 -564 718 -744 33
-729 -652 -614 -519 40
255 297 344 487 46
-276 323 -290 429 40
338 -460 271 -445 21
-470 -433 -339 -455 48
279 506 512 635 47
-696 533 -588 685 29
743 -540 712 -715 41
-605 -557 -567 -669 34
421 457 498 295 27
-468 338 -344 372 33
278 -264 301 -473 40
-354 -351 -477 -447 42
271 613 551 613 31
-565 671 -695 610 35
741 -522 562 -651 25
-555 -643 -738 -529 42
358 404 322 457 25
-338 394 -290 339 44
354 -373 475 -328 24
-481 -330 -483 -473 34
380 596 737 695 45
-616 500 -739 588 23
635 -697 709 -630 24
-658 -737 -724 -670 32
293 355 484 311 26
-356 434 -325 382 39
491 -432 434 -279 29
-283 -417 -336 -375 48
487 528 619 577 47
-591 556 -545 560 21
543 -682 636 -580 45
-657 -684 -574 -719 20
476 291 351 329 20
-474 322 -341 439 27
490 -489 393 -303 43
-431 -403 -255 -426 49
445 639 718 748 43
-639 515 -621 743 36
722 -588 578 -581 29
-728 -641 -523 -693 44
493 349 452 457 32
-391 437 -346 391 27
413 -400 316 -440 42
-435 -376 -410 -377 32
260 689 705 624 43
-722 695 -566 610 28
588 -561 745 -717 45
-617 -689 -542 -563 27
252 367 349 273 26
-453 298 -301 320 46
458 -467 456 -405 31
-462 -319 -475 -306 21
495 544 591 553 48
-665 700 -569 522 41
633 -633 525 -642 39
-550 -704 -578 -585 27
333 393 490 353 30
-483 472 -271 361 20
338 -391 258 -297 32
-408 -479 -302 -433 20
252 568 672 645 35
-508 611 -742 694 49
688 -678 542 -607 21
-597 -719 -595 -630 43
464 460 311 385 23
-254 462 -453 352 49
404 -279 302 -324 29
-480 -494 -344 -299 38
315 613 552 523 40
-731 747 -511 619 48
748 -603 602 -679 23
-543 -522 -588 -563 24
350 272 490 411 32
-401 330 -477 366 46
428 -470 365 -348 28
-429 -385 -357 -383 32
402 512 670 520 22
-523 591 -686 638 37
717 -642 698 -517 39
-565 -639 -682 -619 21
253 380 278 381 29
-402 380 -422 364 37
295 -428 431 -490 20
-427 -321 -486 -459 23
340 633 537 643 30
-524 743 -532 703 21
540 -662 557 -747 31
-673 -640 -717 -640 43
316 383 411 409 25
-386 401 -265 351 30
459 -497 283 -250 48
-421 -425 -331 -287 21
287 749 504 729 28
-700 530 -711 618 45
540 -578 709 -622 48
-510 -598 -685 -731 34
317 493 346 411 26
-288 420 -288 476 35
417 -371 260 -252 38
-433 -255 -315 -476 21
284 509 643 548 23
-542 693 -683 637 23
690 -711 694 -668 37
-748 -739 -748 -629 27
399 431 419 375 28
-449 436 -349 373 23
481 -404 361 -434 45
-467 -316 -393 -454 36
453 558 723 684 32
-667 548 -719 680 21
564 -590 677 -743 34
-599 -724 -695 -506 48
339 358 309 389 37
-290 318 -364 475 46
339 -253 316 -412 20
-320 -426 -395 -391 36
401 609 687 583 45
-640 500 -686 505 31
628 -502 527 -612 44
-565 -622 -582 -635 48
396 389 478 383 45
-265 260 -295 278 21
355 -270 427 -273 44
-251 -425 -336 -334 21
487 560 724 590 36
-571 580 -685 645 22
575 -718 573 -712 37
-748 -655 -662 -717 42
289 297 446 353 41
-365 339 -358 329 25
394 -449 395 -272 35
-362 -322 -273 -480 38
397 542 608 703 47
-625 634 -651 578 42
669 -736 728 -689 38
-721 -676 -663 -677 25
474 481 450 461 22
-252 448 -345 434 36
387 -257 493 -284 24
-259 -321 -308 -393 48
427 619 607 541 31
-514 623 -665 572 39
591 -715 615 -536 37
-509 -700 -702 -593 21
329 448 477 298 44
-324 274 -383 385 28
420 -362 379 -334 49
-378 -423 -335 -400 34
443 605 662 515 27
-657 677 -534 704 20
584 -641 621 -585 34
-690 -542 -748 -586 28
371 424 347 376 34
-419 358 -427 493 48
366 -352 438 -350 39
-318 -290 -484 -339 26
308 632 728 564 37
-739 574 -520 577 24
738 -691 548 -642 32
-571 -604 -696 -556 49
333 458 261 283 36
-304 385 -392 342 30
411 -370 343 -328 37
-363 -313 -341 -434 35
406 511 512 661 39
-501 738 -620 624 37
507 -584 701 -601 49
-708 -691 -540 -513 42
355 310 343 472 42
-426 293 -373 266 41
275 -278 282 -261 29
-253 -479 -357 -392 41
453 642 570 519 22
-657 744 -505 690 33
512 -659 607 -538 30
-721 -671 -654 -697 44
273 479 489 266 27
-256 382 -470 489 46
272 -283 410 -303 35
-341 -259 -386 -437 29
292 567 545 606 28
-702 654 -716 583 30
669 -631 738 -517 26
-598 -564 -570 -553 27
469 466 472 342 47
-463 260 -447 293 30
467 -293 376 -314 26
-367 -334 -370 -421 22
464 654 616 693 24
-525 500 -712 600 41
726 -629 693 -627 29
-611 -635 -522 -684 44
311 313 254 446 28
-308 407 -430 373 34
324 -346 337 -481 48
-361 -292 -341 -332 23
461 741 711 580 48
-619 541 -650 679 47
567 -664 595 -691 46
-617 -528 -703 -659 43
481 253 319 316 43
-367 385 -402 480 47
431 -317 310 -366 47
-421 -477 -495 -264 48
421 547 615 592 31
-657 655 -553 671 20
740 -530 675 -570 40
-627 -748 -586 -604 39
381 494 388 360 48
-419 259 -427 359 29
479 -466 300 -396 43
-458 -330 -343 -306 49
354 522 660 544 44
-583 646 -729 721 38
559 -741 671 -688 36
-533 -685 -520 -579 31
360 458 482 412 36
-378 479 -397 387 48
469 -283 290 -295 26
-383 -259 -307 -317 24
303 635 508 593 43
-693 716 -701 640 44
687 -674 512 -597 31
-695 -567 -742 -542 37
280 363 296 460 39
-378 309 -286 494 20
432 -319 370 -393 42
-462 -464 -277 -307 44
455 713 511 663 23
-664 703 -745 512 31
696 -659 548 -518 34
-511 -704 -735 -627 43
490 362 377 327 47
-340 392 -350 400 38
476 -404 435 -430 31
-295 -287 -373 -422 37
279 711 711 504 20
-503 543 -571 535 28
693 -500 555 -671 20
-702 -625 -631 -640 44
290 486 334 498 29
-265 296 -312 262 22
481 -487 464 -307 48
-306 -420 -450 -432 31
293 599 582 544 41
-575 504 -550 526 46
738 -551 623 -593 41
-630 -695 -668 -659 33
378 329 338 354 23
-479 319 -416 429 27
337 -402 365 -292 33
-372 -448 -323 -403 38
395 697 508 658 31
-743 665 -531 702 20
578 -506 705 -715 43
-519 -715 -503 -555 34
478 395 340 333 45
-400 468 -494 383 45
348 -281 282 -256 20
-372 -482 -401 -306 35
360 721 527 637 23
-518 733 -745 671 33
692 -511 629 -534 42
-593 -530 -661 -734 48
426 406 441 443 28
-477 469 -484 474 33
435 -474 344 -332 37
-377 -255 -396 -436 49
290 737 600 509 28
-706 677 -653 542 20
561 -725 643 -595 36
-615 -554 -506 -618 41
335 448 325 313 23
-312 368 -457 396 49
336 -344 346 -293 42
-411 -280 -455 -358 47
370 740 623 577 43
-704 646 -722 700 41
641 -646 525 -713 44
-679 -695 -653 -594 33
317 437 390 329 41
-375 284 -360 250 37
371 -442 293 -367 27
-403 -443 -393 -389 21
425 528 728 748 20
-642 694 -654 623 43
536 -547 596 -576 31
-654 -738 -571 -636 45
299 306 478 267 21
-269 491 -416 467 36
343 -437 421 -412 47
-299 -444 -397 -451 48
442 604 518 518 21
-546 512 -720 744 38
625 -719 584 -674 24
-709 -649 -514 -695 43
282 351 287 314 43
-401 469 -290 417 43
418 -334 252 -336 29
-498 -387 -397 -424 28
277 648 743 632 41
-669 643 -627 514 44
734 -693 745 -561 23
-642 -548 -740 -549 30
493 324 299 274 34
-423 319 -468 365 23
488 -411 252 -463 48
-399 -338 -495 -481 20
356 521 618 671 38
-657 647 -732 738 22
723 -656 706 -689 46
-595 -601 -673 -618 40
347 336 341 406 30
-313 401 -380 344 43
491 -495 328 -449 35
-264 -285 -477 -374 34
356 667 727 555 42
-536 718 -698 729 41
739 -508 740 -525 20
-632 -589 -546 -700 32
372 279 422 336 27
-303 476 -420 335 32
251 -397 251 -251 35
-443 -322 -416 -466 28
261 625 588 546 29
-544 556 -576 652 48
588 -521 586 -608 37
-628 -729 -697 -549 40
495 378 312 426 29
-427 341 -297 285 31
406 -434 454 -269 29
-456 -421 -445 -465 46
360 747 585 690 27
-549 505 -636 638 35
643 -627 630 -737 25
-732 -503 -500 -504 39
488 465 258 310 30
-299 497 -457 454 24
487 -485 499 -292 23
-362 -432 -483 -351 39
387 533 600 614 33
-607 718 -710 718 48
641 -732 687 -684 29
-701 -619 -583 -506 32
390 337 262 310 20
-335 413 -365 397 37
274 -384 303 -283 38
-286 -374 -484 -325 39
462 734 624 542 44
-572 555 -663 712 43
584 -660 622 -553 37
-572 -500 -587 -667 36
431 447 255 486 27
-349 290 -398 485 47
334 -342 475 -496 25
-328 -338 -342 -428 25
492 537 506 517 33
-543 505 -646 609 24
604 -715 739 -706 49
-742 -749 -675 -536 41
397 368 263 477 42
-396 409 -341 380 20
284 -415 286 -273 46
-344 -486 -287 -416 33
449 721 594 527 45
-700 590 -535 575 38
668 -506 729 -508 41
-725 -536 -730 -716 40
384 497 328 436 44
-450 273 -364 411 40
250 -254 483 -266 21
-420 -345 -256 -338 26
357 516 607 678 29
-674 655 -691 740 32
608 -746 667 -540 27
-707 -734 -746 -712 42
489 426 345 406 24
-350 336 -279 276 42
379 -301 312 -426 34
-357 -320 -288 -312 24
311 680 700 643 36
-561 647 -689 558 40
702 -729 618 -669 27
-534 -547 -727 -675 33
459 371 392 339 26
-371 251 -284 379 48
436 -469 397 -254 48
-452 -355 -488 -282 45
266 731 579 523 37
-521 563 -632 640 26
738 -569 589 -513 39
-601 -521 -533 -614 28
262 434 259 251 24
-483 309 -464 399 45
272 -291 416 -377 22
-315 -391 -388 -310 47
305 537 724 722 49
-691 648 -554 584 38
691 -622 668 -724 26
-637 -633 -741 -745 38
265 474 252 346 36
-274 466 -331 394 40
334 -296 376 -277 25
-268 -291 -391 -465 41
471 509 700 717 26
-693 624 -564 505 37
502 -666 525 -546 42
-539 -546 -645 -503 32
401 326 403 434 49
-350 405 -346 275 40
336 -295 293 -323 32
-356 -396 -460 -276 42
300 540 545 602 30
-565 536 -611 510 44
729 -534 550 -582 26
-686 -584 -540 -617 42
316 366 388 425 41
-360 450 -482 371 23
288 -254 343 -395 20
-388 -417 -420 -345 43
365 696 583 640 32
-689 589 -683 567 39
503 -679 613 -600 22
-645 -611 -651 -568 33
313 407 304 476 37
-461 429 -264 466 21
442 -448 272 -405 37
-257 -408 -464 -262 40
446 565 630 665 26
-540 547 -542 714 24
584 -520 715 -700 26
-606 -552 -696 -583 41
317 415 395 425 44
-448 419 -329 488 31
342 -347 447 -259 32
-321 -408 -372 -359 37
499 649 620 570 46
-734 662 -665 703 35
741 -699 567 -708 24
-669 -681 -629 -608 37
259 456 349 325 26
-374 357 -274 384 48
296 -395 481 -464 39
-418 -338 -307 -293 34
355 697 717 705 41
-593 633 -597 679 26
555 -633 704 -680 42
-654 -529 -738 -620 34
322 426 451 415 46
-481 480 -475 260 44
438 -407 490 -438 21
-447 -492 -368 -320 31
311 719 531 740 43
-672 563 -552 502 38
721 -648 697 -695 46
-722 -686 -544 -577 24
433 297 490 485 44
-473 337 -403 418 40
255 -466 358 -262 36
-318 -451 -392 -276 26
452 684 523 520 22
-500 725 -561 600 45
738 -520 601 -683 38
-642 -598 -534 -745 27
462 343 258 359 41
-266 422 -332 441 33
338 -265 476 -266 48
-289 -283 -455 -497 36
269 675 667 637 40
-530 692 -735 639 23
730 -573 527 -536 31
-535 -522 -595 -729 25
463 435 485 383 46
-346 398 -335 252 31
260 -482 386 -438 49
-486 -292 -315 -278 48
496 636 511 726 37
-621 702 -745 702 24
539 -572 507 -620 40
-654 -609 -580 -548 41
460 260 341 367 33
-425 386 -499 275 40
376 -256 272 -453 36
-467 -265 -292 -495 46
456 686 687 698 46
-614 585 -665 658 20
610 -564 654 -512 32
-588 -706 -525 -630 49
429 329 313 338 47
-421 395 -491 469 49
308 -315 262 -473 31
-470 -397 -303 -458 48
465 679 566 689 43
-521 541 -509 631 42
514 -716 738 -670 48
-699 -655 -600 -694 26
278 406 427 313 43
-371 327 -323 461 33
434 -352 337 -417 43
-403 -376 -345 -495 43
406 620 609 555 46
-583 723 -602 629 29
626 -543 585 -715 41
-694 -607 -521 -587 39
269 346 465 302 42
-253 257 -340 459 27
386 -309 365 -436 29
-259 -313 -435 -278 41
468 619 706 731 38
-574 645 -593 524 46
524 -511 585 -722 21
-557 -595 -674 -538 43
408 295 472 483 41
-253 482 -300 340 20
408 -255 452 -358 28
-307 -311 -370 -278 36
463 582 592 682 27
-570 608 -574 737 24
733 -614 514 -714 36
-640 -675 -505 -663 47
292 481 369 380 28
-378 448 -470 329 41
266 -337 308 -376 25
-409 -268 -470 -285 44
456 647 656 634 20
-501 708 -728 544 39
524 -726 694 -590 49
-622 -669 -551 -702 24
273 289 359 327 27
-436 416 -327 419 33
399 -264 415 -394 26
-419 -378 -426 -358 22
346 637 665 738 36
-538 632 -574 583 35
556 -656 562 -616 34
-629 -692 -734 -622 49
396 276 332 452 45
-416 415 -302 259 25
417 -344 304 -443 34
-499 -422 -371 -483 23
417 543 623 560 25
-574 735 -501 622 28
645 -526 720 -541 28
-679 -572 -727 -693 28
254 422 376 387 26
-303 340 -412 289 23
479 -299 322 -402 22
-369 -404 -479 -484 38
274 726 713 634 42
-598 703 -503 557 38
583 -687 695 -679 21
-644 -659 -711 -657 26
472 395 342 472 48
-446 311 -285 335 49
466 -282 456 -408 39
-370 -296 -474 -370 36
406 733 695 574 21
-588 538 -664 604 47
603 -692 504 -623 22
-625 -611 -592 -724 29
385 340 396 328 25
-304 491 -409 381 49
352 -333 442 -282 22
-349 -411 -297 -405 40
319 709 628 639 38
-580 721 -528 690 26
648 -694 745 -625 30
-698 -616 -680 -565 24
476 472 479 343 42
-255 286 -333 355 37
482 -388 415 -314 48
-399 -282 -258 -396 48
478 638 745 559 39
-744 612 -519 549 48
717 -558 643 -561 33
-690 -686 -726 -603 44
300 268 423 347 46
-316 480 -415 402 40
367 -423 286 -418 27
-329 -474 -478 -260 28
425 517 562 734 22
-669 562 -570 711 35
640 -711 564 -500 30
-545 -517 -504 -537 47
315 442 338 273 45
-329 337 -388 269 26
330 -309 390 -321 39
-381 -376 -270 -411 44
393 734 607 749 26
-579 700 -707 655 35
584 -549 594 -592 30
-619 -517 -563 -503 27
477 410 255 403 41
-312 326 -354 322 24
266 -300 443 -445 42
-497 -271 -311 -344 29
366 635 689 718 37
-518 554 -550 682 49
520 -735 598 -542 36
-682 -529 -566 -559 38
333 399 385 357 20
-271 342 -280 377 36
295 -436 403 -252 48
-285 -285 -428 -428 30
351 699 614 635 46
-657 737 -591 688 33
596 -533 743 -518 23
-685 -609 -596 -631 41
489 334 423 499 41
-349 442 -356 350 47
290 -269 473 -338 47
-333 -400 -408 -356 38
463 670 616 508 25
-523 729 -548 606 30
675 -696 683 -738 49
-696 -690 -525 -719 39
/
SHIP
S ASHIP1 10
H BSHIP1 15 4000
/
MONE
81
S ASHIP1 41000
H BSHIP1 67000
/
ICEE
/