TRAC
291 467 334 250 49
-474 478 -358 462 34
455 -395 281 -327 21
-491 -495 -442 -327 26
391 354 402 403 42
-382 421 -466 468 25
447 -476 271 -288 29
-412 -417 -299 -285 44
453 311 322 333 23
-414 391 -461 253 48
297 -394 412 -257 47
-359 -473 -491 -279 48
316 285 440 342 38
-356 290 -442 264 48
446 -305 390 -479 30
-350 -256 -351 -393 28
379 373 334 454 26
-340 466 -376 431 48
444 -439 376 -323 37
-288 -368 -332 -429 31
333 365 389 408 44
-430 477 -306 423 26
271 -495 424 -322 20
-329 -277 -323 -347 32
486 290 411 386 25
-267 405 -324 281 42
350 -400 441 -474 36
-430 -357 -441 -257 47
457 287 253 383 25
-409 459 -258 471 38
422 -446 256 -280 23
-418 -400 -341 -262 25
410 359 374 287 28
-483 345 -291 352 40
291 -336 374 -270 26
-271 -348 -449 -418 24
281 484 303 499 38
-438 400 -288 377 37
478 -393 398 -483 37
-421 -310 -367 -313 24
309 366 435 451 40
-499 269 -306 298 23
474 -258 344 -359 39
-452 -445 -485 -343 23
273 337 314 253 28
-450 458 -368 330 46
298 -281 339 -298 39
-407 -472 -372 -288 42
288 429 440 407 28
-441 315 -388 406 41
452 -384 272 -305 38
-396 -362 -386 -375 43
369 392 344 416 31
-498 322 -401 271 49
307 -476 392 -389 25
-462 -350 -260 -253 39
361 438 401 289 35
-423 252 -335 432 45
338 -426 367 -257 42
-432 -419 -404 -471 49
476 329 368 442 25
-305 434 -299 441 22
395 -310 468 -253 49
-423 -279 -496 -437 39
299 437 366 449 33
-445 297 -416 286 45
488 -282 455 -484 44
-451 -316 -421 -286 43
313 355 435 303 32
-308 332 -445 313 26
321 -308 396 -482 21
-394 -446 -472 -379 21
285 450 423 466 34
-409 292 -439 253 34
404 -260 495 -399 36
-313 -474 -272 -418 28
287 405 458 391 22
-375 477 -414 314 44
334 -374 372 -409 33
-320 -487 -297 -268 37
273 270 263 418 22
-485 352 -480 463 27
302 -349 277 -375 33
-424 -273 -472 -311 41
253 432 255 343 35
-281 492 -392 472 46
314 -400 437 -360 23
-474 -270 -420 -485 43
461 260 396 417 45
-300 390 -444 445 44
269 -375 326 -444 28
-302 -371 -466 -428 23
351 484 268 464 49
-402 300 -337 310 26
260 -257 420 -315 26
-477 -293 -258 -414 29
382 336 315 487 47
-474 375 -377 379 28
423 -270 402 -462 23
-346 -487 -261 -445 25
/
SHIP
S ASHIP1 10
H BSHIP1 15 4000
/
MONE
81
S ASHIP1 41000
H BSHIP1 67000
/
ICEE
/