TRAC
291 467 334 250 49
-474 478 -358 462 34
455 -395 281 -327 21
-491 -495 -442 -327 26
391 604 652 653 42
-632 671 -716 718 25
697 -726 521 -538 29
-662 -667 -549 -535 44
453 311 322 333 23
-414 391 -461 253 48
297 -394 412 -257 47
-359 -473 -491 -279 48
316 535 690 592 38
-606 540 -692 514 48
696 -555 640 -729 30
-600 -506 -601 -643 28
379 373 334 454 26
-340 466 -376 431 48
444 -439 376 -323 37
-288 -368 -332 -429 31
333 615 639 658 44
-680 727 -556 673 26
521 -745 674 -572 20
-579 -527 -573 -597 32
486 290 411 386 25
-267 405 -324 281 42
350 -400 441 -474 36
-430 -357 -441 -257 47
457 537 503 633 25
-659 709 -508 721 38
672 -696 506 -530 23
-668 -650 -591 -512 25
410 359 374 287 28
-483 345 -291 352 40
291 -336 374 -270 26
-271 -348 -449 -418 24
281 734 553 749 38
-688 650 -538 627 37
728 -643 648 -733 37
-671 -560 -617 -563 24
309 366 435 451 40
-499 269 -306 298 23
474 -258 344 -359 39
-452 -445 -485 -343 23
273 587 564 503 28
-700 708 -618 580 46
548 -531 589 -548 39
-657 -722 -622 -538 42
288 429 440 407 28
-441 315 -388 406 41
452 -384 272 -305 38
-396 -362 -386 -375 43
369 642 594 666 31
-748 572 -651 521 49
557 -726 642 -639 25
-712 -600 -510 -503 39
361 438 401 289 35
-423 252 -335 432 45
338 -426 367 -257 42
-432 -419 -404 -471 49
476 579 618 692 25
-555 684 -549 691 22
645 -560 718 -503 49
-673 -529 -746 -687 39
299 437 366 449 33
-445 297 -416 286 45
488 -282 455 -484 44
-451 -316 -421 -286 43
313 605 685 553 32
-558 582 -695 563 26
571 -558 646 -732 21
-644 -696 -722 -629 21
285 450 423 466 34
-409 292 -439 253 34
404 -260 495 -399 36
-313 -474 -272 -418 28
287 655 708 641 22
-625 727 -664 564 44
584 -624 622 -659 33
-570 -737 -547 -518 37
273 270 263 418 22
-485 352 -480 463 27
302 -349 277 -375 33
-424 -273 -472 -311 41
253 682 505 593 35
-531 742 -642 722 46
564 -650 687 -610 23
-724 -520 -670 -735 43
461 260 396 417 45
-300 390 -444 445 44
269 -375 326 -444 28
-302 -371 -466 -428 23
351 734 518 714 49
-652 550 -587 560 26
510 -507 670 -565 26
-727 -543 -508 -664 29
382 336 315 487 47
-474 375 -377 379 28
423 -270 402 -462 23
-346 -487 -261 -445 25
264 510 702 616 40
-576 511 -521 661 37
653 -520 540 -674 28
-513 -690 -601 -662 49
400 463 458 328 45
-257 477 -450 308 39
303 -260 357 -324 47
-358 -363 -387 -301 40
460 678 743 634 45
-540 611 -704 585 36
572 -600 573 -735 26
-716 -626 -607 -526 27
337 271 369 361 46
-272 367 -362 467 26
335 -291 423 -379 39
-315 -309 -432 -296 25
303 712 584 734 44
-722 707 -619 532 43
607 -733 661 -635 37
-598 -675 -688 -723 22
254 261 491 425 29
-325 471 -370 376 34
455 -283 350 -398 39
-451 -443 -484 -387 34
306 743 676 705 22
-548 631 -550 663 41
605 -605 642 -712 31
-627 -674 -678 -502 43
296 423 290 313 25
-322 318 -360 267 42
362 -445 419 -331 20
-488 -435 -340 -497 29
490 645 603 564 41
-740 544 -508 585 49
692 -605 514 -681 23
-579 -525 -608 -542 47
299 306 311 377 37
-291 379 -490 313 34
351 -327 465 -433 43
-492 -324 -351 -392 29
420 678 527 584 45
-536 748 -720 537 47
604 -503 721 -663 26
-613 -510 -671 -739 20
414 292 369 413 21
-454 318 -482 250 25
475 -289 303 -422 28
-497 -334 -398 -471 34
413 575 545 712 46
-678 519 -512 519 25
539 -694 615 -540 45
-508 -568 -620 -601 23
382 472 402 337 30
-263 401 -353 423 37
350 -469 265 -315 48
-293 -347 -338 -443 27
409 713 549 681 48
-592 608 -560 721 38
704 -638 646 -690 49
-593 -680 -620 -748 27
286 283 285 476 25
-288 353 -379 474 48
423 -359 257 -266 44
-455 -318 -476 -411 45
355 501 549 746 34
-515 714 -592 575 23
642 -696 698 -572 46
-606 -673 -679 -654 35
376 312 375 343 25
-286 486 -391 314 44
256 -402 436 -338 42
-355 -265 -381 -480 41
375 511 637 686 30
-650 662 -634 643 23
666 -702 508 -512 23
-704 -553 -634 -553 26
398 374 317 463 39
-278 450 -330 318 48
300 -405 361 -264 43
-426 -393 -409 -402 41
489 698 532 653 34
-720 652 -673 581 39
628 -509 508 -619 21
-503 -695 -531 -504 22
435 313 448 339 22
-438 287 -410 461 44
258 -461 459 -493 35
-269 -437 -369 -308 20
471 514 617 715 35
-565 580 -539 712 28
582 -704 585 -710 24
-524 -630 -565 -701 21
365 429 360 398 23
-288 477 -382 456 29
363 -258 441 -290 33
-363 -278 -434 -278 20
321 635 724 571 43
-617 653 -545 668 25
676 -629 650 -598 29
-693 -686 -580 -616 29
417 278 429 364 41
-405 326 -316 266 26
416 -337 431 -464 40
-436 -271 -412 -471 24
309 665 652 623 44
-691 745 -512 673 41
556 -518 568 -602 37
-557 -731 -512 -636 40
364 309 334 306 40
-293 496 -402 304 45
458 -498 491 -462 21
-364 -439 -458 -472 24
495 552 519 729 48
-673 668 -616 659 28
736 -696 712 -633 28
-522 -646 -642 -537 45
397 458 352 307 38
-330 292 -350 278 29
352 -448 382 -290 45
-325 -262 -317 -336 27
418 647 578 601 46
-730 699 -675 658 39
520 -690 560 -647 42
-655 -675 -542 -611 34
398 396 464 446 28
-319 388 -413 325 25
271 -475 365 -278 24
-320 -405 -464 -307 32
411 524 549 719 20
-673 600 -583 675 40
737 -586 587 -528 23
-636 -714 -664 -591 49
385 255 337 254 37
-373 414 -470 358 48
281 -335 402 -373 22
-444 -376 -326 -396 32
499 640 674 569 33
-611 691 -539 669 35
555 -585 716 -700 45
-609 -564 -666 -643 44
259 300 445 323 39
-411 422 -468 358 41
268 -426 260 -422 44
-279 -410 -302 -432 31
495 514 624 614 42
-505 710 -724 722 21
622 -547 577 -539 35
-695 -594 -700 -593 24
481 262 422 439 38
-412 262 -467 408 25
408 -473 259 -434 34
-486 -319 -458 -445 36
416 700 617 692 27
-532 556 -724 697 31
533 -722 581 -626 43
-698 -723 -732 -518 36
470 361 432 356 40
-425 324 -486 427 29
393 -284 427 -418 38
-491 -446 -283 -328 37
426 621 697 612 33
-527 658 -545 508 35
738 -737 693 -563 21
-600 -628 -611 -650 29
442 454 369 431 35
-267 463 -293 384 22
472 -330 401 -442 37
-377 -270 -452 -364 21
340 573 737 523 39
-595 669 -577 542 40
682 -558 676 -737 40
-528 -651 -508 -713 40
283 286 492 360 22
-378 434 -341 468 43
367 -365 438 -381 37
-250 -364 -348 -458 41
313 506 557 528 39
-685 615 -575 586 26
583 -610 580 -548 38
-742 -683 -590 -516 45
310 349 337 392 22
-328 352 -369 494 34
358 -252 397 -432 45
-458 -264 -497 -493 39
265 591 689 600 32
-648 523 -601 724 33
641 -700 604 -740 37
-669 -530 -578 -681 44
340 487 399 275 43
-288 492 -443 252 41
310 -334 340 -497 45
-279 -290 -305 -291 32
460 549 578 729 31
-527 573 -693 620 37
576 -526 540 -582 38
-659 -668 -739 -659 49
424 322 380 258 27
-458 477 -253 370 47
446 -324 472 -361 49
-261 -306 -390 -413 23
466 682 702 741 24
-563 612 -646 710 25
654 -599 636 -680 38
-532 -637 -584 -740 27
256 420 491 382 39
-273 258 -355 371 45
296 -416 428 -428 39
-308 -327 -250 -257 49
331 745 678 676 23
-649 534 -565 593 38
672 -743 679 -514 48
-555 -691 -723 -672 48
401 486 394 446 37
-267 379 -416 374 31
469 -412 396 -443 21
-315 -449 -357 -390 32
486 551 737 726 42
-705 683 -644 680 37
565 -565 513 -511 28
-578 -628 -640 -611 47
445 420 475 489 20
-399 333 -365 464 22
257 -432 396 -367 42
-382 -310 -391 -481 47
455 729 571 538 21
-697 708 -646 526 39
689 -672 666 -736 25
-528 -614 -610 -503 37
348 253 361 431 32
-455 447 -356 252 31
296 -281 271 -455 37
-374 -318 -385 -376 24
359 748 574 503 42
-635 643 -638 653 22
747 -680 676 -678 20
-551 -711 -699 -605 43
466 323 311 495 43
-274 300 -353 431 47
449 -360 393 -465 22
-279 -481 -362 -476 21
497 640 671 555 22
-532 739 -570 665 31
658 -543 706 -578 48
-706 -671 -666 -646 37
270 444 279 288 39
-484 469 -478 367 45
376 -434 418 -406 28
-347 -368 -390 -449 45
486 699 670 710 21
-563 665 -585 568 30
581 -517 637 -694 46
-507 -610 -577 -574 21
402 271 268 443 45
-337 311 -354 427 36
268 -272 413 -250 22
-287 -288 -388 -355 49
397 681 593 584 27
-511 743 -717 501 42
697 -665 503 -604 44
-595 -525 -721 -714 21
372 356 406 343 23
-330 330 -368 411 23
468 -251 466 -329 48
-290 -281 -433 -279 43
259 653 686 595 25
-624 720 -585 680 26
705 -725 571 -558 49
-656 -602 -582 -655 20
375 312 385 462 40
-336 297 -452 258 20
340 -326 308 -493 20
-296 -474 -273 -347 20
335 572 650 707 25
-666 641 -588 731 28
565 -646 725 -509 42
-636 -705 -512 -543 42
271 422 262 498 28
-368 467 -464 400 20
335 -259 419 -395 43
-390 -479 -449 -355 31
411 681 652 503 23
-529 737 -542 503 33
670 -564 718 -744 33
-729 -652 -614 -519 40
255 297 344 487 46
-276 323 -290 429 40
338 -460 271 -445 21
-470 -433 -339 -455 48
279 506 512 635 47
-696 533 -588 685 29
743 -540 712 -715 41
-605 -557 -567 -669 34
421 457 498 295 27
-468 338 -344 372 33
278 -264 301 -473 40
-354 -351 -477 -447 42
271 613 551 613 31
-565 671 -695 610 35
741 -522 562 -651 25
-555 -643 -738 -529 42
358 404 322 457 25
-338 394 -290 339 44
354 -373 475 -328 24
-481 -330 -483 -473 34
380 596 737 695 45
-616 500 -739 588 23
635 -697 709 -630 24
-658 -737 -724 -670 32
293 355 484 311 26
-356 434 -325 382 39
491 -432 434 -279 29
-283 -417 -336 -375 48
487 528 619 577 47
-591 556 -545 560 21
543 -682 636 -580 45
-657 -684 -574 -719 20
476 291 351 329 20
-474 322 -341 439 27
490 -489 393 -303 43
-431 -403 -255 -426 49
445 639 718 748 43
-639 515 -621 743 36
722 -588 578 -581 29
-728 -641 -523 -693 44
493 349 452 457 32
-391 437 -346 391 27
413 -400 316 -440 42
-435 -376 -410 -377 32
260 689 705 624 43
-722 695 -566 610 28
588 -561 745 -717 45
-617 -689 -542 -563 27
252 367 349 273 26
-453 298 -301 320 46
458 -467 456 -405 31
-462 -319 -475 -306 21
495 544 591 553 48
-665 700 -569 522 41
633 -633 525 -642 39
-550 -704 -578 -585 27
333 393 490 353 30
-483 472 -271 361 20
338 -391 258 -297 32
-408 -479 -302 -433 20
252 568 672 645 35
-508 611 -742 694 49
688 -678 542 -607 21
-597 -719 -595 -630 43
464 460 311 385 23
-254 462 -453 352 49
404 -279 302 -324 29
-480 -494 -344 -299 38
315 613 552 523 40
-731 747 -511 619 48
748 -603 602 -679 23
-543 -522 -588 -563 24
350 272 490 411 32
-401 330 -477 366 46
428 -470 365 -348 28
-429 -385 -357 -383 32
402 512 670 520 22
-523 591 -686 638 37
717 -642 698 -517 39
-565 -639 -682 -619 21
253 380 278 381 29
-402 380 -422 364 37
295 -428 431 -490 20
-427 -321 -486 -459 23
340 633 537 643 30
-524 743 -532 703 21
540 -662 557 -747 31
-673 -640 -717 -640 43
316 383 411 409 25
-386 401 -265 351 30
459 -497 283 -250 48
-421 -425 -331 -287 21
287 749 504 729 28
-700 530 -711 618 45
540 -578 709 -622 48
-510 -598 -685 -731 34
317 493 346 411 26
-288 420 -288 476 35
417 -371 260 -252 38
-433 -255 -315 -476 21
284 509 643 548 23
-542 693 -683 637 23
690 -711 694 -668 37
-748 -739 -748 -629 27
399 431 419 375 28
-449 436 -349 373 23
481 -404 361 -434 45
-467 -316 -393 -454 36
453 558 723 684 32
-667 548 -719 680 21
564 -590 677 -743 34
-599 -724 -695 -506 48
339 358 309 389 37
-290 318 -364 475 46
339 -253 316 -412 20
-320 -426 -395 -391 36
/
SHIP
S ASHIP1 10
H BSHIP1 15 4000
/
MONE
81
S ASHIP1 41000
H BSHIP1 67000
/
ICEE
/