TRAC
41 18467 6334 26500 50 
15724 11478 29358 26962 25 
5705 28145 23281 16827 10 
491 2995 11942 4827 35 
32391 14604 3902 153 15 
12382 17421 18716 19718 30 
5447 21726 14771 11538 50 
19912 25667 26299 17035 25 
28703 23811 31322 30333 20 
4664 15141 7711 28253 45 
/
SHIP
S ASHIP1 8
S ASHIP2 5
S ASHIP3 3
H BSHIP1 8 8000
H BSHIP2 10 4000
H BSHIP3 2 10000
/
MONE
79
H BSHIP1 17000
H BSHIP2 36000
H BSHIP3 91000
S ASHIP1 43000
S ASHIP2 89000
S ASHIP3 7000
/
ICEE
/
PATH
H BSHIP1 42
0 0 0 1
41 18467 3 2
6334 26500 5 0
6334 26500 7 3
41 18467 9 1
15724 11478 12 2
29358 26962 15 0
29358 26962 18 3
15724 11478 21 1
5705 28145 24 2
23281 16827 27 0
23281 16827 30 3
5705 28145 33 1
491 2995 37 2
11942 4827 39 0
11942 4827 41 3
491 2995 43 1
32391 14604 48 2
3902 153 52 0
3902 153 56 3
32391 14604 60 1
12382 17421 63 2
18716 19718 64 0
18716 19718 65 3
12382 17421 66 1
5447 21726 68 2
14771 11538 70 0
14771 11538 72 3
5447 21726 74 1
19912 25667 76 2
26299 17035 78 0
26299 17035 80 3
19912 25667 82 1
28703 23811 84 2
31322 30333 85 0
31322 30333 86 3
28703 23811 87 1
4664 15141 91 2
7711 28253 93 0
7711 28253 95 3
4664 15141 97 1
0 0 99 0
S ASHIP1 42
0 0 0 1
41 18467 3 0
41 18467 5 4
6334 26500 7 0
6334 26500 9 1
15724 11478 12 0
15724 11478 15 4
29358 26962 18 0
29358 26962 21 1
5705 28145 24 0
5705 28145 27 4
23281 16827 30 0
23281 16827 33 1
491 2995 37 0
491 2995 39 4
11942 4827 41 0
11942 4827 43 1
32391 14604 46 0
32391 14604 52 4
3902 153 56 0
3902 153 60 1
12382 17421 63 0
12382 17421 64 4
18716 19718 65 0
18716 19718 66 1
5447 21726 68 0
5447 21726 70 4
14771 11538 72 0
14771 11538 74 1
19912 25667 76 0
19912 25667 78 4
26299 17035 80 0
26299 17035 82 1
28703 23811 83 0
28703 23811 85 4
31322 30333 86 0
31322 30333 87 1
4664 15141 91 0
4664 15141 93 4
7711 28253 95 0
7711 28253 97 1
0 0 101 0
/
