TRAC
30104 13946 7056 18509 20 
17708 19761 6533 20686 25 
26385 10142 18842 17260 10 
31620 4343 9578 1187 20 
13063 4591 5934 20415 35 
29761 25012 28411 11959 10 
18738 13370 26124 5507 40 
17584 10951 23101 14489 45 
15441 1790 17013 30412 30 
21060 7093 8472 25402 35 
13543 7373 6266 27651 30 
21528 532 10761 5469 20 
32729 17107 27892 2451 20 
28392 22570 13519 19472 40 
22494 9505 28440 20383 15 
21409 28607 18038 4360 10 
11171 20654 29947 11514 20 
21229 489 6766 17887 35 
26632 7470 25739 20666 15 
7283 8160 17553 24705 10 
1259 25386 31687 4629 15 
28317 22045 12356 13388 15 
3154 30466 11833 27760 50 
25631 6738 21267 25776 45 
24314 16320 13053 24007 50 
24216 9722 19842 29007 20 
26260 30947 13793 28630 40 
23043 31376 25314 16626 40 
1334 20620 14171 26792 25 
19154 18866 14693 30664 30 
13000 12212 21100 7551 35 
6379 10943 17877 3789 10 
11385 8272 11434 15144 10 
25563 14504 12946 23888 45 
12157 1430 5123 6464 25 
4346 13837 1981 25318 10 
16292 17591 3832 27123 10 
16991 31461 27330 28498 50 
17291 8400 14179 24117 40 
19914 1595 1441 5936 40 
7028 31453 27909 13973 10 
11503 26569 6816 1883 40 
5385 28402 5230 17157 10 
15567 8310 1866 3687 10 
3477 31245 32764 6238 10 
2047 26115 4592 27311 40 
1405 53 7171 20580 5 
22530 13675 24320 25790 40 
10998 16586 21604 4489 10 
29744 8388 26610 18718 50 
18259 5927 14609 28119 50 
22716 6300 21396 16853 45 
20830 24593 30806 29849 25 
24272 26160 12294 12054 20 
146 4229 10471 10428 50 
22241 29421 22688 16366 20 
26685 2270 25329 32261 5 
2208 8982 22162 32506 45 
11979 1897 7887 6538 50 
30783 17540 22795 7266 20 
13509 24557 2317 26134 20 
18135 12258 2593 17843 20 
16466 22951 18140 11094 40 
5174 2512 6097 9551 30 
21817 23492 21292 20237 5 
613 25296 21710 32389 45 
5809 28786 31744 18840 15 
28569 6120 27393 6292 15 
14214 12527 26807 13194 30 
14713 7011 18913 6693 25 
26203 28995 17762 14381 35 
29909 1048 21768 26624 10 
7954 4235 1127 14633 5 
1862 15127 27577 23817 5 
10142 15100 28400 6558 35 
3154 10935 16430 5831 30 
3537 15623 17922 2927 50 
30211 16211 11754 26880 20 
3293 21321 20785 26528 20 
31000 10555 24671 9270 15 
9375 14631 13640 8934 5 
7986 28834 14248 1539 30 
12796 10312 7262 25052 10 
23987 24464 32557 14248 35 
20170 5450 27182 7301 20 
24099 23332 19044 32331 30 
31004 19050 15026 14066 45 
19801 19623 13843 441 5 
19695 7918 3659 1363 45 
6329 1088 28854 8613 50 
/
SHIP
S ASHIP1 8
S ASHIP2 5
S ASHIP3 3
H BSHIP1 8 8000
H BSHIP2 10 4000
H BSHIP3 2 10000
/
MONE
79
H BSHIP1 17000
H BSHIP2 36000
H BSHIP3 91000
S ASHIP1 43000
S ASHIP2 89000
S ASHIP3 7000
/
ICEE
/