TRAC
24399 8978 11891 1023 20 
24834 14243 7349 2702 40 
20502 25141 10687 8346 10 
24637 18413 11400 22816 5 
13162 8935 29126 19410 40 
11382 26260 27189 26705 25 
2663 20722 32195 22566 5 
6038 18588 7811 28245 40 
32425 26867 13189 10542 20 
21547 30502 29617 9099 20 
17226 31203 30048 21051 5 
8636 9458 25967 8456 30 
11531 29962 26819 7975 35 
7531 31495 8044 30591 20 
3388 18915 7450 12319 15 
25791 29383 10133 1775 15 
23569 18300 17954 12078 30 
2257 25333 893 10490 20 
4750 17233 10722 24271 10 
18990 30338 21641 23258 40 
2352 9658 479 25302 20 
18990 10002 15568 4422 30 
6135 18008 12361 16742 25 
23699 23188 20178 4042 40 
23941 1847 7469 16345 5 
31913 14964 25710 20061 30 
20073 27504 9462 32703 15 
11069 5154 3529 31552 25 
19149 3730 2244 10844 50 
14118 24065 26363 19552 20 
18470 29731 6747 7511 50 
14398 10498 7103 27352 50 
28053 13043 14522 31088 20 
25834 9850 17022 7240 10 
9492 5651 28580 15477 35 
29876 19178 5220 14615 45 
26798 32179 31635 16857 20 
1662 18902 28262 19420 5 
19022 9273 25841 12686 45 
3917 31717 1892 13698 40 
11749 65 10389 6932 50 
16081 2003 29130 13028 10 
14589 23152 18630 19172 25 
6407 12295 25428 29681 5 
26610 26177 31071 25236 50 
20643 16840 27633 27037 20 
22630 20274 12993 28782 20 
17461 8290 19662 22307 40 
31151 18423 8890 16717 5 
28703 5566 4883 23661 50 
18245 20386 32651 32765 10 
16840 17209 1497 27283 5 
18058 8421 175 30581 40 
3271 4287 27999 12504 50 
2138 10700 530 2461 45 
205 7540 18828 24459 15 
14398 3760 27098 12935 10 
30614 19567 18493 28596 10 
7746 10538 7670 20538 35 
21555 24917 16371 16760 15 
13758 15433 32255 29065 35 
2401 3034 12759 10393 45 
27273 18792 16193 12933 40 
17103 3690 28211 13694 45 
32627 7498 989 15248 50 
11647 11149 30931 669 30 
25598 25449 25436 24599 20 
1443 1731 18154 22861 25 
9385 23967 10816 11393 25 
29866 30953 30308 28223 25 
30792 22667 10048 32469 5 
30811 19814 16090 5427 20 
1604 10599 16474 7195 35 
5158 17589 9858 27809 50 
11447 40 3818 9364 30 
26 25089 2503 30066 15 
6840 12570 14676 25395 10 
29986 17651 21109 8187 20 
21085 23390 31250 18686 30 
11381 28128 25502 24277 15 
/
SHIP
S ASHIP1 5
S ASHIP2 6
S ASHIP3 3
S ASHIP4 3
S ASHIP5 6
S ASHIP6 9
S ASHIP7 7
S ASHIP8 10
S ASHIP9 9
S ASHIP10 4
S ASHIP11 6
S ASHIP12 6
S ASHIP13 1
S ASHIP14 6
S ASHIP15 9
S ASHIP16 2
S ASHIP17 6
S ASHIP18 1
S ASHIP19 8
S ASHIP20 4
S ASHIP21 5
S ASHIP22 2
S ASHIP23 6
S ASHIP24 7
H BSHIP1 5 2000
H BSHIP2 8 1000
H BSHIP3 5 1000
H BSHIP4 7 2000
H BSHIP5 1 6000
H BSHIP6 6 3000
H BSHIP7 6 9000
H BSHIP8 4 3000
H BSHIP9 8 9000
H BSHIP10 6 3000
H BSHIP11 8 3000
H BSHIP12 10 8000
H BSHIP13 7 4000
H BSHIP14 2 6000
H BSHIP15 10 9000
H BSHIP16 10 6000
H BSHIP17 5 10000
H BSHIP18 6 3000
H BSHIP19 6 3000
H BSHIP20 3 4000
H BSHIP21 1 9000
H BSHIP22 8 3000
H BSHIP23 9 4000
H BSHIP24 8 6000
/
MONE
35
S BSHIP1 2000
S BSHIP2 79000
S BSHIP3 83000
S BSHIP4 70000
S BSHIP5 37000
S BSHIP6 79000
S BSHIP7 40000
S BSHIP8 39000
S BSHIP9 22000
S BSHIP10 27000
S BSHIP11 64000
S BSHIP12 78000
S BSHIP13 76000
S BSHIP14 25000
S BSHIP15 82000
S BSHIP16 1000
S BSHIP17 62000
S BSHIP18 63000
S BSHIP19 3000
S BSHIP20 49000
S BSHIP21 96000
S BSHIP22 85000
S BSHIP23 17000
S BSHIP24 38000
S ASHIP1 8000
S ASHIP2 94000
S ASHIP3 85000
S ASHIP4 45000
S ASHIP5 60000
S ASHIP6 22000
S ASHIP7 59000
S ASHIP8 44000
S ASHIP9 69000
S ASHIP10 78000
S ASHIP11 20000
S ASHIP12 58000
S ASHIP13 42000
S ASHIP14 92000
S ASHIP15 65000
S ASHIP16 24000
S ASHIP17 16000
S ASHIP18 73000
S ASHIP19 30000
S ASHIP20 42000
S ASHIP21 16000
S ASHIP22 16000
S ASHIP23 37000
S ASHIP24 58000
/
ICEE
/
PATH
S BSHIP1 322
0 0 0 1
24399 8978 6 2
11891 1023 9 0
11891 1023 12 3
24399 8978 12 1
24834 14243 14 2
7349 2702 19 0
7349 2702 24 3
24834 14243 24 1
20502 25141 27 2
10687 8346 31 0
10687 8346 35 3
20502 25141 35 1
24637 18413 37 2
11400 22816 40 0
11400 22816 43 3
24637 18413 43 1
13162 8935 46 2
29126 19410 50 0
29126 19410 54 3
13162 8935 54 1
11382 26260 58 2
27189 26705 62 0
27189 26705 66 3
11382 26260 66 1
2663 20722 69 2
32195 22566 75 0
32195 22566 81 3
2663 20722 81 1
6038 18588 82 2
7811 28245 84 0
7811 28245 89 3
6038 18588 86 1
32425 26867 92 2
13189 10542 98 0
13189 10542 104 3
32425 26867 104 1
21547 30502 107 2
29617 9099 112 0
29617 9099 117 3
21547 30502 117 1
17226 31203 118 2
30048 21051 122 0
30048 21051 127 3
17226 31203 126 1
8636 9458 131 2
25967 8456 135 0
25967 8456 139 3
8636 9458 139 1
11531 29962 144 2
26819 7975 150 0
26819 7975 156 3
11531 29962 156 1
7531 31495 157 2
8044 30591 158 0
8044 30591 164 3
7531 31495 159 1
3388 18915 162 2
7450 12319 164 0
7450 12319 166 3
3388 18915 166 1
25791 29383 171 2
10133 1775 178 0
10133 1775 185 3
25791 29383 185 1
23569 18300 188 2
17954 12078 190 0
17954 12078 192 3
23569 18300 192 1
2257 25333 197 2
893 10490 200 0
893 10490 203 3
2257 25333 203 1
4750 17233 205 2
10722 24271 207 0
10722 24271 209 3
4750 17233 209 1
18990 30338 213 2
21641 23258 215 0
21641 23258 217 3
18990 30338 217 1
2352 9658 223 2
479 25302 227 0
479 25302 231 3
2352 9658 231 1
18990 10002 235 2
15568 4422 237 0
15568 4422 239 3
18990 10002 239 1
6135 18008 243 2
12361 16742 245 0
12361 16742 247 3
6135 18008 247 1
23699 23188 251 2
20178 4042 255 0
20178 4042 259 3
23699 23188 259 1
23941 1847 264 2
7469 16345 269 0
7469 16345 274 3
23941 1847 274 1
31913 14964 278 2
25710 20061 280 0
25710 20061 282 3
31913 14964 282 1
20073 27504 286 2
9462 32703 289 0
9462 32703 292 3
20073 27504 292 1
11069 5154 297 2
3529 31552 303 0
3529 31552 309 3
11069 5154 309 1
19149 3730 311 2
2244 10844 315 0
2244 10844 320 3
19149 3730 319 1
14118 24065 324 2
26363 19552 327 0
26363 19552 330 3
14118 24065 330 1
18470 29731 332 2
6747 7511 338 0
6747 7511 344 3
18470 29731 344 1
14398 10498 348 2
7103 27352 352 0
7103 27352 356 3
14398 10498 356 1
28053 13043 359 2
14522 31088 364 0
14522 31088 369 3
28053 13043 369 1
25834 9850 370 2
17022 7240 372 0
17022 7240 376 3
25834 9850 374 1
9492 5651 378 2
28580 15477 383 0
28580 15477 388 3
9492 5651 388 1
29876 19178 393 2
5220 14615 399 0
5220 14615 405 3
29876 19178 405 1
26798 32179 408 2
31635 16857 412 0
31635 16857 416 3
26798 32179 416 1
1662 18902 422 2
28262 19420 428 0
28262 19420 434 3
1662 18902 434 1
19022 9273 438 2
25841 12686 440 0
25841 12686 442 3
19022 9273 442 1
3917 31717 448 2
1892 13698 452 0
1892 13698 456 3
3917 31717 456 1
11749 65 463 2
10389 6932 465 0
10389 6932 467 3
11749 65 467 1
16081 2003 468 2
29130 13028 472 0
29130 13028 476 3
16081 2003 476 1
14589 23152 481 2
18630 19172 483 0
18630 19172 485 3
14589 23152 485 1
6407 12295 488 2
25428 29681 494 0
25428 29681 500 3
6407 12295 500 1
26610 26177 505 2
31071 25236 506 0
31071 25236 507 3
26610 26177 507 1
20643 16840 510 2
27633 27037 513 0
27633 27037 516 3
20643 16840 516 1
22630 20274 517 2
12993 28782 520 0
12993 28782 523 3
22630 20274 523 1
17461 8290 526 2
19662 22307 529 0
19662 22307 532 3
17461 8290 532 1
31151 18423 536 2
8890 16717 541 0
8890 16717 546 3
31151 18423 546 1
28703 5566 549 2
4883 23661 555 0
4883 23661 561 3
28703 5566 561 1
18245 20386 565 2
32651 32765 569 0
32651 32765 573 3
18245 20386 573 1
16840 17209 574 2
1497 27283 578 0
1497 27283 582 3
16840 17209 582 1
18058 8421 584 2
175 30581 590 0
175 30581 596 3
18058 8421 596 1
3271 4287 600 2
27999 12504 606 0
27999 12504 612 3
3271 4287 612 1
2138 10700 614 2
530 2461 616 0
530 2461 620 3
2138 10700 618 1
205 7540 619 2
18828 24459 625 0
18828 24459 631 3
205 7540 631 1
14398 3760 634 2
27098 12935 638 0
27098 12935 642 3
14398 3760 642 1
30614 19567 647 2
18493 28596 651 0
18493 28596 655 3
30614 19567 655 1
7746 10538 660 2
7670 20538 663 0
7670 20538 666 3
7746 10538 666 1
21555 24917 670 2
16371 16760 672 0
16371 16760 674 3
21555 24917 674 1
13758 15433 677 2
32255 29065 682 0
32255 29065 687 3
13758 15433 687 1
2401 3034 691 2
12759 10393 694 0
12759 10393 698 3
2401 3034 697 1
27273 18792 703 2
16193 12933 706 0
16193 12933 709 3
27273 18792 709 1
17103 3690 713 2
28211 13694 716 0
28211 13694 719 3
17103 3690 719 1
32627 7498 723 2
989 15248 730 0
989 15248 737 3
32627 7498 737 1
11647 11149 742 2
30931 669 747 0
30931 669 752 3
11647 11149 752 1
25598 25449 756 2
25436 24599 757 0
25436 24599 759 3
25598 25449 758 1
1443 1731 765 2
18154 22861 771 0
18154 22861 777 3
1443 1731 777 1
9385 23967 782 2
10816 11393 785 0
10816 11393 788 3
9385 23967 788 1
29866 30953 793 2
30308 28223 794 0
30308 28223 795 3
29866 30953 795 1
30792 22667 797 2
10048 32469 802 0
10048 32469 807 3
30792 22667 807 1
30811 19814 808 2
16090 5427 813 0
16090 5427 818 3
30811 19814 818 1
1604 10599 825 2
16474 7195 829 0
16474 7195 833 3
1604 10599 833 1
5158 17589 835 2
9858 27809 838 0
9858 27809 841 3
5158 17589 841 1
11447 40 845 2
3818 9364 848 0
3818 9364 851 3
11447 40 851 1
26 25089 857 2
2503 30066 859 0
2503 30066 861 3
26 25089 861 1
6840 12570 864 2
14676 25395 868 0
14676 25395 872 3
6840 12570 872 1
29986 17651 877 2
21109 8187 880 0
21109 8187 883 3
29986 17651 883 1
21085 23390 886 2
31250 18686 889 0
31250 18686 892 3
21085 23390 892 1
11381 28128 895 2
25502 24277 898 0
25502 24277 901 3
11381 28128 901 1
0 0 908 0
H ASHIP1 311
0 0 0 1
24399 8978 6 0
24399 8978 9 4
11891 1023 12 0
11891 1023 12 1
24834 14243 16 0
24834 14243 19 4
7349 2702 24 0
7349 2702 24 1
20502 25141 30 0
20502 25141 31 4
10687 8346 35 0
10687 8346 35 1
24637 18413 39 0
24637 18413 40 4
11400 22816 43 0
11400 22816 43 1
13162 8935 46 0
13162 8935 50 4
29126 19410 54 0
29126 19410 54 1
11382 26260 58 0
11382 26260 62 4
27189 26705 66 0
27189 26705 66 1
2663 20722 72 0
2663 20722 75 4
32195 22566 81 0
32195 22566 81 1
6038 18588 87 4
7811 28245 89 0
7811 28245 86 1
32425 26867 91 0
32425 26867 98 4
13189 10542 104 0
13189 10542 104 1
21547 30502 109 0
21547 30502 112 4
29617 9099 117 0
29617 9099 117 1
17226 31203 123 4
30048 21051 127 0
30048 21051 126 1
8636 9458 131 0
8636 9458 135 4
25967 8456 139 0
25967 8456 139 1
11531 29962 145 0
11531 29962 150 4
26819 7975 156 0
26819 7975 156 1
7531 31495 163 4
8044 30591 164 0
8044 30591 159 1
3388 18915 162 0
3388 18915 164 4
7450 12319 166 0
7450 12319 166 1
25791 29383 172 0
25791 29383 178 4
10133 1775 185 0
10133 1775 185 1
23569 18300 190 4
17954 12078 192 0
17954 12078 192 1
2257 25333 197 0
2257 25333 200 4
893 10490 203 0
893 10490 203 1
4750 17233 205 0
4750 17233 207 4
10722 24271 209 0
10722 24271 209 1
18990 30338 212 0
18990 30338 215 4
21641 23258 217 0
21641 23258 217 1
2352 9658 222 0
2352 9658 227 4
479 25302 231 0
479 25302 231 1
18990 10002 236 0
18990 10002 237 4
15568 4422 239 0
15568 4422 239 1
6135 18008 243 0
6135 18008 245 4
12361 16742 247 0
12361 16742 247 1
23699 23188 250 0
23699 23188 255 4
20178 4042 259 0
20178 4042 259 1
23941 1847 260 0
23941 1847 269 4
7469 16345 274 0
7469 16345 274 1
31913 14964 279 0
31913 14964 280 4
25710 20061 282 0
25710 20061 282 1
20073 27504 284 0
20073 27504 289 4
9462 32703 292 0
9462 32703 292 1
11069 5154 298 0
11069 5154 303 4
3529 31552 309 0
3529 31552 309 1
19149 3730 316 4
2244 10844 320 0
2244 10844 319 1
14118 24065 323 0
14118 24065 327 4
26363 19552 330 0
26363 19552 330 1
18470 29731 333 0
18470 29731 338 4
6747 7511 344 0
6747 7511 344 1
14398 10498 346 0
14398 10498 352 4
7103 27352 356 0
7103 27352 356 1
28053 13043 362 0
28053 13043 364 4
14522 31088 369 0
14522 31088 369 1
25834 9850 374 4
17022 7240 376 0
17022 7240 374 1
9492 5651 376 0
9492 5651 383 4
28580 15477 388 0
28580 15477 388 1
29876 19178 389 0
29876 19178 399 4
5220 14615 405 0
5220 14615 405 1
26798 32179 411 0
26798 32179 412 4
31635 16857 416 0
31635 16857 416 1
1662 18902 423 0
1662 18902 428 4
28262 19420 434 0
28262 19420 434 1
19022 9273 437 0
19022 9273 440 4
25841 12686 442 0
25841 12686 442 1
3917 31717 448 0
3917 31717 452 4
1892 13698 456 0
1892 13698 456 1
11749 65 460 0
11749 65 465 4
10389 6932 467 0
10389 6932 467 1
16081 2003 469 0
16081 2003 472 4
29130 13028 476 0
29130 13028 476 1
14589 23152 480 0
14589 23152 483 4
18630 19172 485 0
18630 19172 485 1
6407 12295 488 0
6407 12295 494 4
25428 29681 500 0
25428 29681 500 1
26610 26177 501 0
26610 26177 506 4
31071 25236 507 0
31071 25236 507 1
20643 16840 510 0
20643 16840 513 4
27633 27037 516 0
27633 27037 516 1
22630 20274 518 0
22630 20274 520 4
12993 28782 523 0
12993 28782 523 1
17461 8290 528 0
17461 8290 529 4
19662 22307 532 0
19662 22307 532 1
31151 18423 535 0
31151 18423 541 4
8890 16717 546 0
8890 16717 546 1
28703 5566 551 0
28703 5566 555 4
4883 23661 561 0
4883 23661 561 1
18245 20386 564 0
18245 20386 569 4
32651 32765 573 0
32651 32765 573 1
16840 17209 578 4
1497 27283 582 0
1497 27283 582 1
18058 8421 588 0
18058 8421 590 4
175 30581 596 0
175 30581 596 1
3271 4287 602 0
3271 4287 606 4
27999 12504 612 0
27999 12504 612 1
2138 10700 618 4
530 2461 620 0
530 2461 618 1
205 7540 620 0
205 7540 625 4
18828 24459 631 0
18828 24459 631 1
14398 3760 636 0
14398 3760 638 4
27098 12935 642 0
27098 12935 642 1
30614 19567 644 0
30614 19567 651 4
18493 28596 655 0
18493 28596 655 1
7746 10538 660 0
7746 10538 663 4
7670 20538 666 0
7670 20538 666 1
21555 24917 669 0
21555 24917 672 4
16371 16760 674 0
16371 16760 674 1
13758 15433 675 0
13758 15433 682 4
32255 29065 687 0
32255 29065 687 1
2401 3034 695 4
12759 10393 698 0
12759 10393 697 1
27273 18792 701 0
27273 18792 706 4
16193 12933 709 0
16193 12933 709 1
17103 3690 711 0
17103 3690 716 4
28211 13694 719 0
28211 13694 719 1
32627 7498 721 0
32627 7498 730 4
989 15248 737 0
989 15248 737 1
11647 11149 740 0
11647 11149 747 4
30931 669 752 0
30931 669 752 1
25598 25449 758 4
25436 24599 759 0
25436 24599 758 1
1443 1731 765 0
1443 1731 771 4
18154 22861 777 0
18154 22861 777 1
9385 23967 779 0
9385 23967 785 4
10816 11393 788 0
10816 11393 788 1
29866 30953 794 4
30308 28223 795 0
30308 28223 795 1
30792 22667 797 0
30792 22667 802 4
10048 32469 807 0
10048 32469 807 1
30811 19814 812 0
30811 19814 813 4
16090 5427 818 0
16090 5427 818 1
1604 10599 822 0
1604 10599 829 4
16474 7195 833 0
16474 7195 833 1
5158 17589 837 0
5158 17589 838 4
9858 27809 841 0
9858 27809 841 1
11447 40 847 0
11447 40 848 4
3818 9364 851 0
3818 9364 851 1
26 25089 855 0
26 25089 859 4
2503 30066 861 0
2503 30066 861 1
6840 12570 865 0
6840 12570 868 4
14676 25395 872 0
14676 25395 872 1
29986 17651 876 0
29986 17651 880 4
21109 8187 883 0
21109 8187 883 1
21085 23390 887 0
21085 23390 889 4
31250 18686 892 0
31250 18686 892 1
11381 28128 897 0
11381 28128 898 4
25502 24277 901 0
25502 24277 901 1
0 0 909 0
/