TRAC
19796 14798 15281 19589 45 
28009 27157 20472 23622 45 
12292 6038 24179 18190 40 
7958 6191 19815 22888 35 
11511 16202 2634 24272 30 
20328 22646 26362 4886 30 
28433 29869 20142 23844 35 
21881 31998 10322 18651 10 
5699 3557 28476 27892 50 
5075 10712 2600 2510 20 
26869 17861 14688 13401 50 
15255 16423 5002 10585 15 
10285 27088 31426 28617 40 
9832 30932 4169 2154 10 
17189 19976 31329 2368 15 
21425 10555 3434 16549 10 
9512 30145 18060 21718 20 
16139 12423 16279 25996 40 
12529 22549 17437 19866 50 
193 23195 3297 20416 35 
16105 24488 16282 12455 25 
18114 11701 31316 20671 35 
12263 4313 24355 31185 20 
912 10808 1832 20945 20 
27756 28321 19558 23646 15 
481 4144 23196 20222 50 
2161 5535 20450 11173 35 
12044 21659 26292 26439 20 
20024 26154 29510 4745 50 
13186 8313 4474 28022 45 
/
SHIP
S ASHIP1 9
S ASHIP2 8
S ASHIP3 6
S ASHIP4 9
S ASHIP5 2
S ASHIP6 3
S ASHIP7 6
S ASHIP8 8
S ASHIP9 5
H BSHIP1 5 5000
H BSHIP2 5 5000
H BSHIP3 3 10000
H BSHIP4 4 1000
H BSHIP5 8 8000
H BSHIP6 9 8000
H BSHIP7 4 1000
H BSHIP8 4 9000
H BSHIP9 3 6000
/
MONE
3
S BSHIP1 81000
S BSHIP2 14000
S BSHIP3 28000
S BSHIP4 3000
S BSHIP5 100000
S BSHIP6 28000
S BSHIP7 26000
S BSHIP8 44000
S BSHIP9 25000
S ASHIP1 24000
S ASHIP2 73000
S ASHIP3 62000
S ASHIP4 82000
S ASHIP5 4000
S ASHIP6 33000
S ASHIP7 6000
S ASHIP8 94000
S ASHIP9 26000
/
ICEE
/
PATH
S BSHIP1 122
0 0 0 1
19796 14798 5 2
15281 19589 7 0
15281 19589 8 3
19796 14798 9 1
28009 27157 12 2
20472 23622 14 0
20472 23622 15 3
28009 27157 16 1
12292 6038 22 2
24179 18190 26 0
24179 18190 28 3
12292 6038 30 1
7958 6191 31 2
19815 22888 36 0
19815 22888 39 3
7958 6191 41 1
11511 16202 44 2
2634 24272 47 0
2634 24272 49 3
11511 16202 50 1
20328 22646 53 2
26362 4886 57 0
26362 4886 60 3
20328 22646 61 1
28433 29869 64 2
20142 23844 67 0
20142 23844 69 3
28433 29869 70 1
21881 31998 72 2
10322 18651 76 0
10322 18651 78 3
21881 31998 80 1
5699 3557 87 2
28476 27892 94 0
28476 27892 98 3
5699 3557 101 1
5075 10712 103 2
2600 2510 105 0
2600 2510 106 3
5075 10712 107 1
26869 17861 112 2
14688 13401 115 0
14688 13401 117 3
26869 17861 118 1
15255 16423 121 2
5002 10585 124 0
5002 10585 126 3
15255 16423 127 1
10285 27088 130 2
31426 28617 135 0
31426 28617 138 3
10285 27088 140 1
9832 30932 141 2
4169 2154 147 0
4169 2154 151 3
9832 30932 153 1
17189 19976 156 2
31329 2368 161 0
31329 2368 164 3
17189 19976 166 1
21425 10555 169 2
3434 16549 173 0
3434 16549 176 3
21425 10555 177 1
9512 30145 182 2
18060 21718 185 0
18060 21718 187 3
9512 30145 188 1
16139 12423 192 2
16279 25996 195 0
16279 25996 197 3
16139 12423 198 1
12529 22549 201 2
17437 19866 203 0
17437 19866 204 3
12529 22549 205 1
193 23195 208 2
3297 20416 209 0
3297 20416 210 3
193 23195 210 1
16105 24488 214 2
16282 12455 217 0
16282 12455 219 3
16105 24488 220 1
18114 11701 223 2
31316 20671 227 0
31316 20671 229 3
18114 11701 231 1
12263 4313 233 2
24355 31185 239 0
24355 31185 243 3
12263 4313 245 1
912 10808 248 2
1832 20945 251 0
1832 20945 253 3
912 10808 254 1
27756 28321 261 2
19558 23646 263 0
19558 23646 265 3
27756 28321 265 1
481 4144 273 2
23196 20222 279 0
23196 20222 283 3
481 4144 285 1
2161 5535 286 2
20450 11173 290 0
20450 11173 293 3
2161 5535 294 1
12044 21659 298 2
26292 26439 302 0
26292 26439 304 3
12044 21659 306 1
20024 26154 308 2
29510 4745 313 0
29510 4745 316 3
20024 26154 318 1
13186 8313 322 2
4474 28022 327 0
4474 28022 330 3
13186 8313 332 1
0 0 336 0
H ASHIP1 121
0 0 0 1
19796 14798 3 0
19796 14798 7 4
15281 19589 8 0
15281 19589 9 1
28009 27157 11 0
28009 27157 14 4
20472 23622 15 0
20472 23622 16 1
12292 6038 19 0
12292 6038 26 4
24179 18190 28 0
24179 18190 30 1
7958 6191 33 0
7958 6191 36 4
19815 22888 39 0
19815 22888 41 1
11511 16202 43 0
11511 16202 47 4
2634 24272 49 0
2634 24272 50 1
20328 22646 52 0
20328 22646 57 4
26362 4886 60 0
26362 4886 61 1
28433 29869 64 0
28433 29869 67 4
20142 23844 69 0
20142 23844 70 1
21881 31998 71 0
21881 31998 76 4
10322 18651 78 0
10322 18651 80 1
5699 3557 82 0
5699 3557 94 4
28476 27892 98 0
28476 27892 101 1
5075 10712 105 4
2600 2510 106 0
2600 2510 107 1
26869 17861 111 0
26869 17861 115 4
14688 13401 117 0
14688 13401 118 1
15255 16423 119 0
15255 16423 124 4
5002 10585 126 0
5002 10585 127 1
10285 27088 129 0
10285 27088 135 4
31426 28617 138 0
31426 28617 140 1
9832 30932 143 0
9832 30932 147 4
4169 2154 151 0
4169 2154 153 1
17189 19976 156 0
17189 19976 161 4
31329 2368 164 0
31329 2368 166 1
21425 10555 168 0
21425 10555 173 4
3434 16549 176 0
3434 16549 177 1
9512 30145 179 0
9512 30145 185 4
18060 21718 187 0
18060 21718 188 1
16139 12423 190 0
16139 12423 195 4
16279 25996 197 0
16279 25996 198 1
12529 22549 199 0
12529 22549 203 4
17437 19866 204 0
17437 19866 205 1
193 23195 207 0
193 23195 209 4
3297 20416 210 0
3297 20416 210 1
16105 24488 212 0
16105 24488 217 4
16282 12455 219 0
16282 12455 220 1
18114 11701 221 0
18114 11701 227 4
31316 20671 229 0
31316 20671 231 1
12263 4313 234 0
12263 4313 239 4
24355 31185 243 0
24355 31185 245 1
912 10808 249 0
912 10808 251 4
1832 20945 253 0
1832 20945 254 1
27756 28321 257 0
27756 28321 263 4
19558 23646 265 0
19558 23646 265 1
481 4144 269 0
481 4144 279 4
23196 20222 283 0
23196 20222 285 1
2161 5535 288 0
2161 5535 290 4
20450 11173 293 0
20450 11173 294 1
12044 21659 296 0
12044 21659 302 4
26292 26439 304 0
26292 26439 306 1
20024 26154 307 0
20024 26154 313 4
29510 4745 316 0
29510 4745 318 1
13186 8313 320 0
13186 8313 327 4
4474 28022 330 0
4474 28022 332 1
0 0 336 0
/