TRAC
8394 30180 16097 3065 30 
2513 9261 12578 21078 45 
14140 4611 31947 2445 5 
29975 13489 24750 6149 20 
13865 22214 17282 27007 15 
8896 16367 28522 4882 5 
17641 7231 2187 6705 50 
6321 6538 31351 19447 45 
9646 22276 25759 30189 15 
27666 8486 3455 2028 25 
4860 29253 11777 31348 20 
10861 22431 29082 12455 40 
22106 8752 15821 17296 10 
26021 24455 15947 27124 45 
9135 11376 1774 29859 45 
12074 9253 6922 10635 20 
28888 8153 13232 4747 5 
19926 25678 6450 14801 10 
14199 20855 26363 5716 20 
31561 23245 6473 28274 5 
24353 1181 4287 2699 5 
18643 17465 7172 2529 10 
2112 13476 4381 8247 5 
16671 8805 32372 30032 50 
9320 23165 15431 9658 20 
17206 26578 16948 2206 10 
18166 3396 16697 31020 25 
15529 14788 30109 17984 50 
28978 21617 4015 16626 25 
9168 17906 25928 12097 45 
24390 15199 11785 14486 50 
12420 20710 18271 15813 30 
6085 318 3580 1331 40 
8387 13444 23186 14507 5 
17827 28074 26431 7152 10 
10268 4693 19885 337 10 
17604 12677 406 7768 15 
19413 5000 542 17537 45 
21388 7355 13289 31647 10 
13093 16584 10987 10761 20 
8217 9501 17482 29447 30 
10753 22104 15084 19095 30 
30221 3964 21781 4872 35 
3656 3343 22593 27080 5 
14868 21411 13713 20968 10 
27216 12079 28768 17040 10 
12933 23779 20663 12259 20 
27936 2095 24365 11874 5 
26835 25680 8976 18455 30 
4071 24808 13559 9156 15 
17832 7905 10440 7375 15 
22885 21962 21080 1836 40 
31202 10508 10080 5340 35 
9058 31493 7740 8546 25 
24773 19097 8880 23335 15 
23400 707 22955 20666 10 
23588 12481 17168 28315 35 
16225 1009 22012 18136 30 
18762 25043 742 21 15 
24512 9248 26018 27368 40 
9714 17650 13290 3335 50 
3169 21895 5303 22640 50 
24199 29105 24791 18661 10 
3652 8753 24033 32029 40 
7042 26253 20083 11420 25 
32718 12244 31063 7229 15 
18864 4769 30470 15005 40 
1594 21487 24326 3276 20 
6540 7679 23990 32588 5 
29271 17945 29221 28470 20 
/
SHIP
S ASHIP1 10
S ASHIP2 6
S ASHIP3 9
S ASHIP4 10
S ASHIP5 7
S ASHIP6 3
S ASHIP7 6
S ASHIP8 8
S ASHIP9 7
S ASHIP10 4
S ASHIP11 9
S ASHIP12 6
S ASHIP13 10
S ASHIP14 4
S ASHIP15 1
S ASHIP16 3
S ASHIP17 6
S ASHIP18 2
S ASHIP19 6
S ASHIP20 8
S ASHIP21 8
H BSHIP1 10 5000
H BSHIP2 2 8000
H BSHIP3 9 6000
H BSHIP4 8 9000
H BSHIP5 9 5000
H BSHIP6 3 4000
H BSHIP7 9 5000
H BSHIP8 2 4000
H BSHIP9 1 5000
H BSHIP10 2 8000
H BSHIP11 8 3000
H BSHIP12 2 4000
H BSHIP13 2 4000
H BSHIP14 2 6000
H BSHIP15 2 6000
H BSHIP16 1 6000
H BSHIP17 2 3000
H BSHIP18 3 2000
H BSHIP19 6 6000
H BSHIP20 4 9000
H BSHIP21 10 3000
/
MONE
9
S BSHIP1 55000
S BSHIP2 23000
S BSHIP3 8000
S BSHIP4 46000
S BSHIP5 39000
S BSHIP6 45000
S BSHIP7 91000
S BSHIP8 40000
S BSHIP9 55000
S BSHIP10 5000
S BSHIP11 24000
S BSHIP12 26000
S BSHIP13 79000
S BSHIP14 25000
S BSHIP15 82000
S BSHIP16 31000
S BSHIP17 34000
S BSHIP18 24000
S BSHIP19 95000
S BSHIP20 31000
S BSHIP21 47000
S ASHIP1 88000
S ASHIP2 46000
S ASHIP3 6000
S ASHIP4 17000
S ASHIP5 51000
S ASHIP6 90000
S ASHIP7 39000
S ASHIP8 64000
S ASHIP9 36000
S ASHIP10 98000
S ASHIP11 10000
S ASHIP12 31000
S ASHIP13 25000
S ASHIP14 9000
S ASHIP15 38000
S ASHIP16 75000
S ASHIP17 21000
S ASHIP18 73000
S ASHIP19 94000
S ASHIP20 56000
S ASHIP21 35000
/
ICEE
/
PATH
S BSHIP1 282
0 0 0 1
8394 30180 4 2
16097 3065 7 0
16097 3065 10 3
8394 30180 10 1
2513 9261 13 2
12578 21078 15 0
12578 21078 17 3
2513 9261 17 1
14140 4611 19 2
31947 2445 21 0
31947 2445 23 3
14140 4611 23 1
29975 13489 25 2
24750 6149 26 0
24750 6149 27 3
29975 13489 27 1
13865 22214 29 2
17282 27007 30 0
17282 27007 31 3
13865 22214 31 1
8896 16367 32 2
28522 4882 35 0
28522 4882 38 3
8896 16367 38 1
17641 7231 40 2
2187 6705 42 0
2187 6705 44 3
17641 7231 44 1
6321 6538 46 2
31351 19447 49 0
31351 19447 52 3
6321 6538 52 1
9646 22276 54 2
25759 30189 56 0
25759 30189 58 3
9646 22276 58 1
27666 8486 61 2
3455 2028 64 0
3455 2028 67 3
27666 8486 67 1
4860 29253 71 2
11777 31348 72 0
11777 31348 73 3
4860 29253 73 1
10861 22431 74 2
29082 12455 77 0
29082 12455 80 3
10861 22431 80 1
22106 8752 82 2
15821 17296 84 0
15821 17296 86 3
22106 8752 86 1
26021 24455 88 2
15947 27124 90 0
15947 27124 92 3
26021 24455 92 1
9135 11376 95 2
1774 29859 97 0
1774 29859 99 3
9135 11376 99 1
12074 9253 100 2
6922 10635 101 0
6922 10635 103 3
12074 9253 102 1
28888 8153 104 2
13232 4747 106 0
13232 4747 108 3
28888 8153 108 1
19926 25678 110 2
6450 14801 112 0
6450 14801 114 3
19926 25678 114 1
14199 20855 115 2
26363 5716 117 0
26363 5716 119 3
14199 20855 119 1
31561 23245 121 2
6473 28274 124 0
6473 28274 127 3
31561 23245 127 1
24353 1181 130 2
4287 2699 133 0
4287 2699 136 3
24353 1181 136 1
18643 17465 138 2
7172 2529 140 0
7172 2529 142 3
18643 17465 142 1
2112 13476 144 2
4381 8247 145 0
4381 8247 146 3
2112 13476 146 1
16671 8805 148 2
32372 30032 151 0
32372 30032 154 3
16671 8805 154 1
9320 23165 156 2
15431 9658 158 0
15431 9658 160 3
9320 23165 160 1
17206 26578 161 2
16948 2206 164 0
16948 2206 167 3
17206 26578 167 1
18166 3396 170 2
16697 31020 173 0
16697 31020 176 3
18166 3396 176 1
15529 14788 178 2
30109 17984 180 0
30109 17984 182 3
15529 14788 182 1
28978 21617 184 2
4015 16626 187 0
4015 16626 190 3
28978 21617 190 1
9168 17906 193 2
25928 12097 195 0
25928 12097 197 3
9168 17906 197 1
24390 15199 199 2
11785 14486 201 0
11785 14486 203 3
24390 15199 203 1
12420 20710 205 2
18271 15813 206 0
18271 15813 207 3
12420 20710 207 1
6085 318 210 2
3580 1331 211 0
3580 1331 212 3
6085 318 212 1
8387 13444 214 2
23186 14507 216 0
23186 14507 218 3
8387 13444 218 1
17827 28074 220 2
26431 7152 223 0
26431 7152 226 3
17827 28074 226 1
10268 4693 229 2
19885 337 231 0
19885 337 233 3
10268 4693 233 1
17604 12677 235 2
406 7768 237 0
406 7768 239 3
17604 12677 239 1
19413 5000 240 2
542 17537 243 0
542 17537 246 3
19413 5000 246 1
21388 7355 247 2
13289 31647 250 0
13289 31647 253 3
21388 7355 253 1
13093 16584 255 2
10987 10761 256 0
10987 10761 257 3
13093 16584 257 1
8217 9501 258 2
17482 29447 261 0
17482 29447 264 3
8217 9501 264 1
10753 22104 266 2
15084 19095 267 0
15084 19095 268 3
10753 22104 268 1
30221 3964 271 2
21781 4872 272 0
21781 4872 273 3
30221 3964 273 1
3656 3343 276 2
22593 27080 280 0
22593 27080 284 3
3656 3343 284 1
14868 21411 287 2
13713 20968 288 0
13713 20968 289 3
14868 21411 289 1
27216 12079 291 2
28768 17040 292 0
28768 17040 293 3
27216 12079 293 1
12933 23779 295 2
20663 12259 297 0
20663 12259 299 3
12933 23779 299 1
27936 2095 302 2
24365 11874 304 0
24365 11874 306 3
27936 2095 306 1
26835 25680 309 2
8976 18455 311 0
8976 18455 313 3
26835 25680 313 1
4071 24808 316 2
13559 9156 318 0
13559 9156 320 3
4071 24808 320 1
17832 7905 323 2
10440 7375 324 0
10440 7375 325 3
17832 7905 325 1
22885 21962 327 2
21080 1836 330 0
21080 1836 333 3
22885 21962 333 1
31202 10508 335 2
10080 5340 338 0
10080 5340 341 3
31202 10508 341 1
9058 31493 345 2
7740 8546 348 0
7740 8546 351 3
9058 31493 351 1
24773 19097 354 2
8880 23335 356 0
8880 23335 358 3
24773 19097 358 1
23400 707 360 2
22955 20666 362 0
22955 20666 364 3
23400 707 364 1
23588 12481 366 2
17168 28315 368 0
17168 28315 370 3
23588 12481 370 1
16225 1009 372 2
22012 18136 374 0
22012 18136 376 3
16225 1009 376 1
18762 25043 379 2
742 21 383 0
742 21 387 3
18762 25043 387 1
24512 9248 389 2
26018 27368 391 0
26018 27368 393 3
24512 9248 393 1
9714 17650 395 2
13290 3335 397 0
13290 3335 399 3
9714 17650 399 1
3169 21895 400 2
5303 22640 401 0
5303 22640 403 3
3169 21895 402 1
24199 29105 405 2
24791 18661 407 0
24791 18661 409 3
24199 29105 409 1
3652 8753 412 2
24033 32029 416 0
24033 32029 420 3
3652 8753 420 1
7042 26253 422 2
20083 11420 424 0
20083 11420 426 3
7042 26253 426 1
32718 12244 429 2
31063 7229 430 0
31063 7229 431 3
32718 12244 431 1
18864 4769 433 2
30470 15005 435 0
30470 15005 437 3
18864 4769 437 1
1594 21487 440 2
24326 3276 443 0
24326 3276 446 3
1594 21487 446 1
6540 7679 448 2
23990 32588 452 0
23990 32588 456 3
6540 7679 456 1
29271 17945 459 2
29221 28470 461 0
29221 28470 463 3
29271 17945 463 1
0 0 467 0
H ASHIP1 280
0 0 0 1
8394 30180 4 0
8394 30180 7 4
16097 3065 10 0
16097 3065 10 1
2513 9261 12 0
2513 9261 15 4
12578 21078 17 0
12578 21078 17 1
14140 4611 19 0
14140 4611 21 4
31947 2445 23 0
31947 2445 23 1
29975 13489 25 0
29975 13489 26 4
24750 6149 27 0
24750 6149 27 1
13865 22214 29 0
13865 22214 30 4
17282 27007 31 0
17282 27007 31 1
8896 16367 33 0
8896 16367 35 4
28522 4882 38 0
28522 4882 38 1
17641 7231 40 0
17641 7231 42 4
2187 6705 44 0
2187 6705 44 1
6321 6538 45 0
6321 6538 49 4
31351 19447 52 0
31351 19447 52 1
9646 22276 55 0
9646 22276 56 4
25759 30189 58 0
25759 30189 58 1
27666 8486 61 0
27666 8486 64 4
3455 2028 67 0
3455 2028 67 1
4860 29253 70 0
4860 29253 72 4
11777 31348 73 0
11777 31348 73 1
10861 22431 74 0
10861 22431 77 4
29082 12455 80 0
29082 12455 80 1
22106 8752 81 0
22106 8752 84 4
15821 17296 86 0
15821 17296 86 1
26021 24455 88 0
26021 24455 90 4
15947 27124 92 0
15947 27124 92 1
9135 11376 94 0
9135 11376 97 4
1774 29859 99 0
1774 29859 99 1
12074 9253 102 4
6922 10635 103 0
6922 10635 102 1
28888 8153 105 0
28888 8153 106 4
13232 4747 108 0
13232 4747 108 1
19926 25678 111 0
19926 25678 112 4
6450 14801 114 0
6450 14801 114 1
14199 20855 115 0
14199 20855 117 4
26363 5716 119 0
26363 5716 119 1
31561 23245 121 0
31561 23245 124 4
6473 28274 127 0
6473 28274 127 1
24353 1181 131 0
24353 1181 133 4
4287 2699 136 0
4287 2699 136 1
18643 17465 139 0
18643 17465 140 4
7172 2529 142 0
7172 2529 142 1
2112 13476 144 0
2112 13476 145 4
4381 8247 146 0
4381 8247 146 1
16671 8805 148 0
16671 8805 151 4
32372 30032 154 0
32372 30032 154 1
9320 23165 157 0
9320 23165 158 4
15431 9658 160 0
15431 9658 160 1
17206 26578 162 0
17206 26578 164 4
16948 2206 167 0
16948 2206 167 1
18166 3396 168 0
18166 3396 173 4
16697 31020 176 0
16697 31020 176 1
15529 14788 178 0
15529 14788 180 4
30109 17984 182 0
30109 17984 182 1
28978 21617 183 0
28978 21617 187 4
4015 16626 190 0
4015 16626 190 1
9168 17906 191 0
9168 17906 195 4
25928 12097 197 0
25928 12097 197 1
24390 15199 198 0
24390 15199 201 4
11785 14486 203 0
11785 14486 203 1
12420 20710 204 0
12420 20710 206 4
18271 15813 207 0
18271 15813 207 1
6085 318 209 0
6085 318 211 4
3580 1331 212 0
3580 1331 212 1
8387 13444 214 0
8387 13444 216 4
23186 14507 218 0
23186 14507 218 1
17827 28074 220 0
17827 28074 223 4
26431 7152 226 0
26431 7152 226 1
10268 4693 228 0
10268 4693 231 4
19885 337 233 0
19885 337 233 1
17604 12677 235 0
17604 12677 237 4
406 7768 239 0
406 7768 239 1
19413 5000 241 0
19413 5000 243 4
542 17537 246 0
542 17537 246 1
21388 7355 249 0
21388 7355 250 4
13289 31647 253 0
13289 31647 253 1
13093 16584 255 0
13093 16584 256 4
10987 10761 257 0
10987 10761 257 1
8217 9501 258 0
8217 9501 261 4
17482 29447 264 0
17482 29447 264 1
10753 22104 265 0
10753 22104 267 4
15084 19095 268 0
15084 19095 268 1
30221 3964 271 0
30221 3964 272 4
21781 4872 273 0
21781 4872 273 1
3656 3343 275 0
3656 3343 280 4
22593 27080 284 0
22593 27080 284 1
14868 21411 285 0
14868 21411 288 4
13713 20968 289 0
13713 20968 289 1
27216 12079 291 0
27216 12079 292 4
28768 17040 293 0
28768 17040 293 1
12933 23779 295 0
12933 23779 297 4
20663 12259 299 0
20663 12259 299 1
27936 2095 301 0
27936 2095 304 4
24365 11874 306 0
24365 11874 306 1
26835 25680 308 0
26835 25680 311 4
8976 18455 313 0
8976 18455 313 1
4071 24808 314 0
4071 24808 318 4
13559 9156 320 0
13559 9156 320 1
17832 7905 321 0
17832 7905 324 4
10440 7375 325 0
10440 7375 325 1
22885 21962 327 0
22885 21962 330 4
21080 1836 333 0
21080 1836 333 1
31202 10508 335 0
31202 10508 338 4
10080 5340 341 0
10080 5340 341 1
9058 31493 344 0
9058 31493 348 4
7740 8546 351 0
7740 8546 351 1
24773 19097 354 0
24773 19097 356 4
8880 23335 358 0
8880 23335 358 1
23400 707 361 0
23400 707 362 4
22955 20666 364 0
22955 20666 364 1
23588 12481 365 0
23588 12481 368 4
17168 28315 370 0
17168 28315 370 1
16225 1009 373 0
16225 1009 374 4
22012 18136 376 0
22012 18136 376 1
18762 25043 377 0
18762 25043 383 4
742 21 387 0
742 21 387 1
24512 9248 390 0
24512 9248 391 4
26018 27368 393 0
26018 27368 393 1
9714 17650 395 0
9714 17650 397 4
13290 3335 399 0
13290 3335 399 1
3169 21895 402 4
5303 22640 403 0
5303 22640 402 1
24199 29105 404 0
24199 29105 407 4
24791 18661 409 0
24791 18661 409 1
3652 8753 412 0
3652 8753 416 4
24033 32029 420 0
24033 32029 420 1
7042 26253 422 0
7042 26253 424 4
20083 11420 426 0
20083 11420 426 1
32718 12244 428 0
32718 12244 430 4
31063 7229 431 0
31063 7229 431 1
18864 4769 433 0
18864 4769 435 4
30470 15005 437 0
30470 15005 437 1
1594 21487 440 0
1594 21487 443 4
24326 3276 446 0
24326 3276 446 1
6540 7679 448 0
6540 7679 452 4
23990 32588 456 0
23990 32588 456 1
29271 17945 458 0
29271 17945 461 4
29221 28470 463 0
29221 28470 463 1
0 0 468 0
/