TRAC
30104 13946 7056 18509 20 
17708 19761 6533 20686 25 
26385 10142 18842 17260 10 
31620 4343 9578 1187 20 
13063 4591 5934 20415 35 
29761 25012 28411 11959 10 
18738 13370 26124 5507 40 
17584 10951 23101 14489 45 
15441 1790 17013 30412 30 
21060 7093 8472 25402 35 
13543 7373 6266 27651 30 
21528 532 10761 5469 20 
32729 17107 27892 2451 20 
28392 22570 13519 19472 40 
22494 9505 28440 20383 15 
21409 28607 18038 4360 10 
11171 20654 29947 11514 20 
21229 489 6766 17887 35 
26632 7470 25739 20666 15 
7283 8160 17553 24705 10 
1259 25386 31687 4629 15 
28317 22045 12356 13388 15 
3154 30466 11833 27760 50 
25631 6738 21267 25776 45 
24314 16320 13053 24007 50 
24216 9722 19842 29007 20 
26260 30947 13793 28630 40 
23043 31376 25314 16626 40 
1334 20620 14171 26792 25 
19154 18866 14693 30664 30 
13000 12212 21100 7551 35 
6379 10943 17877 3789 10 
11385 8272 11434 15144 10 
25563 14504 12946 23888 45 
12157 1430 5123 6464 25 
4346 13837 1981 25318 10 
16292 17591 3832 27123 10 
16991 31461 27330 28498 50 
17291 8400 14179 24117 40 
19914 1595 1441 5936 40 
7028 31453 27909 13973 10 
11503 26569 6816 1883 40 
5385 28402 5230 17157 10 
15567 8310 1866 3687 10 
3477 31245 32764 6238 10 
2047 26115 4592 27311 40 
1405 53 7171 20580 5 
22530 13675 24320 25790 40 
10998 16586 21604 4489 10 
29744 8388 26610 18718 50 
18259 5927 14609 28119 50 
22716 6300 21396 16853 45 
20830 24593 30806 29849 25 
24272 26160 12294 12054 20 
146 4229 10471 10428 50 
22241 29421 22688 16366 20 
26685 2270 25329 32261 5 
2208 8982 22162 32506 45 
11979 1897 7887 6538 50 
30783 17540 22795 7266 20 
13509 24557 2317 26134 20 
18135 12258 2593 17843 20 
16466 22951 18140 11094 40 
5174 2512 6097 9551 30 
21817 23492 21292 20237 5 
613 25296 21710 32389 45 
5809 28786 31744 18840 15 
28569 6120 27393 6292 15 
14214 12527 26807 13194 30 
14713 7011 18913 6693 25 
26203 28995 17762 14381 35 
29909 1048 21768 26624 10 
7954 4235 1127 14633 5 
1862 15127 27577 23817 5 
10142 15100 28400 6558 35 
3154 10935 16430 5831 30 
3537 15623 17922 2927 50 
30211 16211 11754 26880 20 
3293 21321 20785 26528 20 
31000 10555 24671 9270 15 
9375 14631 13640 8934 5 
7986 28834 14248 1539 30 
12796 10312 7262 25052 10 
23987 24464 32557 14248 35 
20170 5450 27182 7301 20 
24099 23332 19044 32331 30 
31004 19050 15026 14066 45 
19801 19623 13843 441 5 
19695 7918 3659 1363 45 
6329 1088 28854 8613 50 
/
SHIP
S ASHIP1 10
S ASHIP2 7
S ASHIP3 10
S ASHIP4 8
S ASHIP5 8
S ASHIP6 3
S ASHIP7 6
S ASHIP8 3
S ASHIP9 4
S ASHIP10 3
S ASHIP11 9
S ASHIP12 4
S ASHIP13 4
S ASHIP14 9
S ASHIP15 6
S ASHIP16 8
S ASHIP17 9
S ASHIP18 9
S ASHIP19 2
S ASHIP20 4
S ASHIP21 6
S ASHIP22 2
S ASHIP23 3
S ASHIP24 1
S ASHIP25 9
S ASHIP26 7
S ASHIP27 6
H BSHIP1 6 4000
H BSHIP2 10 6000
H BSHIP3 4 6000
H BSHIP4 5 9000
H BSHIP5 6 1000
H BSHIP6 4 6000
H BSHIP7 1 9000
H BSHIP8 5 4000
H BSHIP9 6 9000
H BSHIP10 2 3000
H BSHIP11 7 1000
H BSHIP12 3 3000
H BSHIP13 2 7000
H BSHIP14 6 1000
H BSHIP15 2 8000
H BSHIP16 8 4000
H BSHIP17 9 4000
H BSHIP18 6 2000
H BSHIP19 4 3000
H BSHIP20 2 10000
H BSHIP21 5 3000
H BSHIP22 4 1000
H BSHIP23 2 5000
H BSHIP24 9 7000
H BSHIP25 7 2000
H BSHIP26 4 9000
H BSHIP27 8 10000
/
MONE
85
S BSHIP1 25000
S BSHIP2 94000
S BSHIP3 36000
S BSHIP4 25000
S BSHIP5 95000
S BSHIP6 83000
S BSHIP7 68000
S BSHIP8 28000
S BSHIP9 6000
S BSHIP10 47000
S BSHIP11 87000
S BSHIP12 90000
S BSHIP13 41000
S BSHIP14 38000
S BSHIP15 51000
S BSHIP16 60000
S BSHIP17 79000
S BSHIP18 57000
S BSHIP19 78000
S BSHIP20 4000
S BSHIP21 43000
S BSHIP22 1000
S BSHIP23 12000
S BSHIP24 26000
S BSHIP25 44000
S BSHIP26 96000
S BSHIP27 17000
S ASHIP1 16000
S ASHIP2 5000
S ASHIP3 7000
S ASHIP4 69000
S ASHIP5 42000
S ASHIP6 36000
S ASHIP7 99000
S ASHIP8 26000
S ASHIP9 14000
S ASHIP10 24000
S ASHIP11 13000
S ASHIP12 19000
S ASHIP13 58000
S ASHIP14 97000
S ASHIP15 40000
S ASHIP16 87000
S ASHIP17 95000
S ASHIP18 47000
S ASHIP19 44000
S ASHIP20 23000
S ASHIP21 12000
S ASHIP22 81000
S ASHIP23 56000
S ASHIP24 59000
S ASHIP25 48000
S ASHIP26 71000
S ASHIP27 91000
/
ICEE
/
PATH
S BSHIP1 362
0 0 0 1
30104 13946 6 2
7056 18509 10 0
7056 18509 13 3
30104 13946 14 1
17708 19761 17 2
6533 20686 19 0
6533 20686 21 3
17708 19761 21 1
26385 10142 24 2
18842 17260 26 0
18842 17260 28 3
26385 10142 28 1
31620 4343 30 2
9578 1187 34 0
9578 1187 37 3
31620 4343 38 1
13063 4591 42 2
5934 20415 45 0
5934 20415 47 3
13063 4591 48 1
29761 25012 53 2
28411 11959 56 0
28411 11959 58 3
29761 25012 59 1
18738 13370 62 2
26124 5507 64 0
26124 5507 66 3
18738 13370 66 1
17584 10951 67 2
23101 14489 69 0
23101 14489 70 3
17584 10951 71 1
15441 1790 73 2
17013 30412 78 0
17013 30412 81 3
15441 1790 83 1
21060 7093 85 2
8472 25402 89 0
8472 25402 92 3
21060 7093 93 1
13543 7373 95 2
6266 27651 99 0
6266 27651 102 3
13543 7373 103 1
21528 532 105 2
10761 5469 107 0
10761 5469 109 3
21528 532 109 1
32729 17107 113 2
27892 2451 116 0
27892 2451 118 3
32729 17107 119 1
28392 22570 121 2
13519 19472 124 0
13519 19472 126 3
28392 22570 127 1
22494 9505 130 2
28440 20383 133 0
28440 20383 135 3
22494 9505 136 1
21409 28607 140 2
18038 4360 145 0
18038 4360 148 3
21409 28607 150 1
11171 20654 153 2
29947 11514 157 0
29947 11514 160 3
11171 20654 161 1
21229 489 165 2
6766 17887 169 0
6766 17887 172 3
21229 489 173 1
26632 7470 175 2
25739 20666 178 0
25739 20666 180 3
26632 7470 181 1
7283 8160 185 2
17553 24705 189 0
17553 24705 191 3
7283 8160 193 1
1259 25386 197 2
31687 4629 204 0
31687 4629 208 3
1259 25386 211 1
28317 22045 216 2
12356 13388 220 0
12356 13388 222 3
28317 22045 224 1
3154 30466 229 2
11833 27760 231 0
11833 27760 232 3
3154 30466 233 1
25631 6738 239 2
21267 25776 243 0
21267 25776 245 3
25631 6738 247 1
24314 16320 249 2
13053 24007 252 0
13053 24007 254 3
24314 16320 255 1
24216 9722 257 2
19842 29007 261 0
19842 29007 263 3
24216 9722 265 1
26260 30947 269 2
13793 28630 272 0
13793 28630 274 3
26260 30947 275 1
23043 31376 276 2
25314 16626 279 0
25314 16626 281 3
23043 31376 282 1
1334 20620 287 2
14171 26792 290 0
14171 26792 292 3
1334 20620 293 1
19154 18866 296 2
14693 30664 299 0
14693 30664 301 3
19154 18866 302 1
13000 12212 304 2
21100 7551 306 0
21100 7551 307 3
13000 12212 308 1
6379 10943 310 2
17877 3789 313 0
17877 3789 315 3
6379 10943 316 1
11385 8272 317 2
11434 15144 319 0
11434 15144 320 3
11385 8272 321 1
25563 14504 324 2
12946 23888 327 0
12946 23888 329 3
25563 14504 330 1
12157 1430 334 2
5123 6464 336 0
5123 6464 337 3
12157 1430 338 1
4346 13837 341 2
1981 25318 343 0
1981 25318 345 3
4346 13837 345 1
16292 17591 348 2
3832 27123 351 0
3832 27123 353 3
16292 17591 354 1
16991 31461 357 2
27330 28498 359 0
27330 28498 361 3
16991 31461 361 1
17291 8400 365 2
14179 24117 368 0
14179 24117 370 3
17291 8400 371 1
19914 1595 373 2
1441 5936 377 0
1441 5936 379 3
19914 1595 381 1
7028 31453 387 2
27909 13973 392 0
27909 13973 395 3
7028 31453 397 1
11503 26569 399 2
6816 1883 404 0
6816 1883 407 3
11503 26569 409 1
5385 28402 411 2
5230 17157 413 0
5230 17157 415 3
5385 28402 415 1
15567 8310 419 2
1866 3687 422 0
1866 3687 424 3
15567 8310 425 1
3477 31245 430 2
32764 6238 437 0
32764 6238 441 3
3477 31245 444 1
2047 26115 445 2
4592 27311 446 0
4592 27311 449 3
2047 26115 447 1
1405 53 452 2
7171 20580 456 0
7171 20580 459 3
1405 53 460 1
22530 13675 465 2
24320 25790 468 0
24320 25790 470 3
22530 13675 471 1
10998 16586 473 2
21604 4489 476 0
21604 4489 478 3
10998 16586 479 1
29744 8388 483 2
26610 18718 485 0
26610 18718 487 3
29744 8388 487 1
18259 5927 489 2
14609 28119 493 0
14609 28119 496 3
18259 5927 497 1
22716 6300 498 2
21396 16853 500 0
21396 16853 502 3
22716 6300 502 1
20830 24593 506 2
30806 29849 508 0
30806 29849 510 3
20830 24593 510 1
24272 26160 511 2
12294 12054 515 0
12294 12054 517 3
24272 26160 519 1
146 4229 525 2
10471 10428 528 0
10471 10428 530 3
146 4229 531 1
22241 29421 537 2
22688 16366 540 0
22688 16366 542 3
22241 29421 543 1
26685 2270 548 2
25329 32261 554 0
25329 32261 558 3
26685 2270 560 1
2208 8982 565 2
22162 32506 571 0
22162 32506 575 3
2208 8982 577 1
11979 1897 580 2
7887 6538 582 0
7887 6538 583 3
11979 1897 584 1
30783 17540 589 2
22795 7266 592 0
22795 7266 594 3
30783 17540 595 1
13509 24557 599 2
2317 26134 601 0
2317 26134 603 3
13509 24557 603 1
18135 12258 606 2
2593 17843 609 0
2593 17843 611 3
18135 12258 612 1
16466 22951 614 2
18140 11094 616 0
18140 11094 618 3
16466 22951 618 1
5174 2512 622 2
6097 9551 624 0
6097 9551 625 3
5174 2512 626 1
21817 23492 631 2
21292 20237 632 0
21292 20237 633 3
21817 23492 633 1
613 25296 637 2
21710 32389 641 0
21710 32389 644 3
613 25296 645 1
5809 28786 647 2
31744 18840 652 0
31744 18840 655 3
5809 28786 657 1
28569 6120 663 2
27393 6292 664 0
27393 6292 665 3
28569 6120 665 1
14214 12527 668 2
26807 13194 671 0
26807 13194 673 3
14214 12527 674 1
14713 7011 675 2
18913 6693 676 0
18913 6693 677 3
14713 7011 677 1
26203 28995 682 2
17762 14381 685 0
17762 14381 687 3
26203 28995 688 1
29909 1048 693 2
21768 26624 698 0
21768 26624 701 3
29909 1048 703 1
7954 4235 707 2
1127 14633 710 0
1127 14633 712 3
7954 4235 713 1
1862 15127 716 2
27577 23817 721 0
27577 23817 724 3
1862 15127 726 1
10142 15100 728 2
28400 6558 732 0
28400 6558 735 3
10142 15100 736 1
3154 10935 738 2
16430 5831 741 0
16430 5831 743 3
3154 10935 744 1
3537 15623 745 2
17922 2927 749 0
17922 2927 751 3
3537 15623 753 1
30211 16211 758 2
11754 26880 762 0
11754 26880 765 3
30211 16211 766 1
3293 21321 771 2
20785 26528 775 0
20785 26528 777 3
3293 21321 779 1
31000 10555 784 2
24671 9270 786 0
24671 9270 787 3
31000 10555 788 1
9375 14631 792 2
13640 8934 794 0
13640 8934 795 3
9375 14631 796 1
7986 28834 799 2
14248 1539 804 0
14248 1539 807 3
7986 28834 809 1
12796 10312 813 2
7262 25052 816 0
7262 25052 818 3
12796 10312 819 1
23987 24464 823 2
32557 14248 826 0
32557 14248 828 3
23987 24464 829 1
20170 5450 833 2
27182 7301 835 0
27182 7301 836 3
20170 5450 837 1
24099 23332 841 2
19044 32331 843 0
19044 32331 845 3
24099 23332 845 1
31004 19050 847 2
15026 14066 850 0
15026 14066 852 3
31004 19050 853 1
19801 19623 855 2
13843 441 859 0
13843 441 862 3
19801 19623 863 1
19695 7918 865 2
3659 1363 868 0
3659 1363 870 3
19695 7918 871 1
6329 1088 874 2
28854 8613 878 0
28854 8613 881 3
6329 1088 882 1
0 0 884 0
H ASHIP1 358
0 0 0 1
30104 13946 4 0
30104 13946 10 4
7056 18509 13 0
7056 18509 14 1
17708 19761 16 0
17708 19761 19 4
6533 20686 21 0
6533 20686 21 1
26385 10142 24 0
26385 10142 26 4
18842 17260 28 0
18842 17260 28 1
31620 4343 30 0
31620 4343 34 4
9578 1187 37 0
9578 1187 38 1
13063 4591 39 0
13063 4591 45 4
5934 20415 47 0
5934 20415 48 1
29761 25012 51 0
29761 25012 56 4
28411 11959 58 0
28411 11959 59 1
18738 13370 60 0
18738 13370 64 4
26124 5507 66 0
26124 5507 66 1
17584 10951 68 0
17584 10951 69 4
23101 14489 70 0
23101 14489 71 1
15441 1790 73 0
15441 1790 78 4
17013 30412 81 0
17013 30412 83 1
21060 7093 86 0
21060 7093 89 4
8472 25402 92 0
8472 25402 93 1
13543 7373 95 0
13543 7373 99 4
6266 27651 102 0
6266 27651 103 1
21528 532 107 4
10761 5469 109 0
10761 5469 109 1
32729 17107 112 0
32729 17107 116 4
27892 2451 118 0
27892 2451 119 1
28392 22570 122 0
28392 22570 124 4
13519 19472 126 0
13519 19472 127 1
22494 9505 129 0
22494 9505 133 4
28440 20383 135 0
28440 20383 136 1
21409 28607 138 0
21409 28607 145 4
18038 4360 148 0
18038 4360 150 1
11171 20654 152 0
11171 20654 157 4
29947 11514 160 0
29947 11514 161 1
21229 489 163 0
21229 489 169 4
6766 17887 172 0
6766 17887 173 1
26632 7470 176 0
26632 7470 178 4
25739 20666 180 0
25739 20666 181 1
7283 8160 184 0
7283 8160 189 4
17553 24705 191 0
17553 24705 193 1
1259 25386 195 0
1259 25386 204 4
31687 4629 208 0
31687 4629 211 1
28317 22045 213 0
28317 22045 220 4
12356 13388 222 0
12356 13388 224 1
3154 30466 226 0
3154 30466 231 4
11833 27760 232 0
11833 27760 233 1
25631 6738 236 0
25631 6738 243 4
21267 25776 245 0
21267 25776 247 1
24314 16320 248 0
24314 16320 252 4
13053 24007 254 0
13053 24007 255 1
24216 9722 257 0
24216 9722 261 4
19842 29007 263 0
19842 29007 265 1
26260 30947 266 0
26260 30947 272 4
13793 28630 274 0
13793 28630 275 1
23043 31376 276 0
23043 31376 279 4
25314 16626 281 0
25314 16626 282 1
1334 20620 285 0
1334 20620 290 4
14171 26792 292 0
14171 26792 293 1
19154 18866 294 0
19154 18866 299 4
14693 30664 301 0
14693 30664 302 1
13000 12212 304 0
13000 12212 306 4
21100 7551 307 0
21100 7551 308 1
6379 10943 310 0
6379 10943 313 4
17877 3789 315 0
17877 3789 316 1
11385 8272 317 0
11385 8272 319 4
11434 15144 320 0
11434 15144 321 1
25563 14504 323 0
25563 14504 327 4
12946 23888 329 0
12946 23888 330 1
12157 1430 333 0
12157 1430 336 4
5123 6464 337 0
5123 6464 338 1
4346 13837 339 0
4346 13837 343 4
1981 25318 345 0
1981 25318 345 1
16292 17591 347 0
16292 17591 351 4
3832 27123 353 0
3832 27123 354 1
16991 31461 356 0
16991 31461 359 4
27330 28498 361 0
27330 28498 361 1
17291 8400 364 0
17291 8400 368 4
14179 24117 370 0
14179 24117 371 1
19914 1595 374 0
19914 1595 377 4
1441 5936 379 0
1441 5936 381 1
7028 31453 384 0
7028 31453 392 4
27909 13973 395 0
27909 13973 397 1
11503 26569 400 0
11503 26569 404 4
6816 1883 407 0
6816 1883 409 1
5385 28402 412 0
5385 28402 413 4
5230 17157 415 0
5230 17157 415 1
15567 8310 417 0
15567 8310 422 4
1866 3687 424 0
1866 3687 425 1
3477 31245 428 0
3477 31245 437 4
32764 6238 441 0
32764 6238 444 1
2047 26115 448 4
4592 27311 449 0
4592 27311 447 1
1405 53 450 0
1405 53 456 4
7171 20580 459 0
7171 20580 460 1
22530 13675 462 0
22530 13675 468 4
24320 25790 470 0
24320 25790 471 1
10998 16586 473 0
10998 16586 476 4
21604 4489 478 0
21604 4489 479 1
29744 8388 480 0
29744 8388 485 4
26610 18718 487 0
26610 18718 487 1
18259 5927 489 0
18259 5927 493 4
14609 28119 496 0
14609 28119 497 1
22716 6300 500 4
21396 16853 502 0
21396 16853 502 1
20830 24593 503 0
20830 24593 508 4
30806 29849 510 0
30806 29849 510 1
24272 26160 511 0
24272 26160 515 4
12294 12054 517 0
12294 12054 519 1
146 4229 521 0
146 4229 528 4
10471 10428 530 0
10471 10428 531 1
22241 29421 534 0
22241 29421 540 4
22688 16366 542 0
22688 16366 543 1
26685 2270 545 0
26685 2270 554 4
25329 32261 558 0
25329 32261 560 1
2208 8982 564 0
2208 8982 571 4
22162 32506 575 0
22162 32506 577 1
11979 1897 581 0
11979 1897 582 4
7887 6538 583 0
7887 6538 584 1
30783 17540 587 0
30783 17540 592 4
22795 7266 594 0
22795 7266 595 1
13509 24557 597 0
13509 24557 601 4
2317 26134 603 0
2317 26134 603 1
18135 12258 606 0
18135 12258 609 4
2593 17843 611 0
2593 17843 612 1
16466 22951 614 0
16466 22951 616 4
18140 11094 618 0
18140 11094 618 1
5174 2512 620 0
5174 2512 624 4
6097 9551 625 0
6097 9551 626 1
21817 23492 629 0
21817 23492 632 4
21292 20237 633 0
21292 20237 633 1
613 25296 636 0
613 25296 641 4
21710 32389 644 0
21710 32389 645 1
5809 28786 647 0
5809 28786 652 4
31744 18840 655 0
31744 18840 657 1
28569 6120 659 0
28569 6120 664 4
27393 6292 665 0
27393 6292 665 1
14214 12527 667 0
14214 12527 671 4
26807 13194 673 0
26807 13194 674 1
14713 7011 676 4
18913 6693 677 0
18913 6693 677 1
26203 28995 680 0
26203 28995 685 4
17762 14381 687 0
17762 14381 688 1
29909 1048 690 0
29909 1048 698 4
21768 26624 701 0
21768 26624 703 1
7954 4235 706 0
7954 4235 710 4
1127 14633 712 0
1127 14633 713 1
1862 15127 714 0
1862 15127 721 4
27577 23817 724 0
27577 23817 726 1
10142 15100 728 0
10142 15100 732 4
28400 6558 735 0
28400 6558 736 1
3154 10935 739 0
3154 10935 741 4
16430 5831 743 0
16430 5831 744 1
3537 15623 746 0
3537 15623 749 4
17922 2927 751 0
17922 2927 753 1
30211 16211 755 0
30211 16211 762 4
11754 26880 765 0
11754 26880 766 1
3293 21321 768 0
3293 21321 775 4
20785 26528 777 0
20785 26528 779 1
31000 10555 781 0
31000 10555 786 4
24671 9270 787 0
24671 9270 788 1
9375 14631 790 0
9375 14631 794 4
13640 8934 795 0
13640 8934 796 1
7986 28834 799 0
7986 28834 804 4
14248 1539 807 0
14248 1539 809 1
12796 10312 810 0
12796 10312 816 4
7262 25052 818 0
7262 25052 819 1
23987 24464 821 0
23987 24464 826 4
32557 14248 828 0
32557 14248 829 1
20170 5450 831 0
20170 5450 835 4
27182 7301 836 0
27182 7301 837 1
24099 23332 839 0
24099 23332 843 4
19044 32331 845 0
19044 32331 845 1
31004 19050 847 0
31004 19050 850 4
15026 14066 852 0
15026 14066 853 1
19801 19623 854 0
19801 19623 859 4
13843 441 862 0
13843 441 863 1
19695 7918 864 0
19695 7918 868 4
3659 1363 870 0
3659 1363 871 1
6329 1088 872 0
6329 1088 878 4
28854 8613 881 0
28854 8613 882 1
0 0 886 0
/