TRAC
31101 24393 3548 19629 20 
24084 19954 18756 11840 35 
7376 13931 26308 16944 50 
24626 11323 5537 21538 45 
2082 22929 16541 4833 30 
4639 29658 22704 9930 40 
2306 31673 22386 5021 30 
26924 19072 6270 5829 40 
15573 5097 16512 23986 5 
9161 18636 22355 24767 30 
15574 4031 12052 27350 5 
16941 21724 13966 3430 40 
30191 18007 11337 15457 40 
27753 10383 14945 8909 50 
9758 24221 18588 6422 35 
27506 13030 16413 29168 5 
32591 18762 1655 17410 50 
27624 20537 21548 6483 30 
4041 3602 24350 10291 35 
9374 11020 4596 24021 45 
/
SHIP
S ASHIP1 10
S ASHIP2 9
S ASHIP3 5
S ASHIP4 2
S ASHIP5 5
S ASHIP6 4
H BSHIP1 10 9000
H BSHIP2 9 1000
H BSHIP3 9 8000
H BSHIP4 8 9000
H BSHIP5 4 9000
H BSHIP6 4 8000
/
MONE
22
S BSHIP1 11000
S BSHIP2 18000
S BSHIP3 14000
S BSHIP4 15000
S BSHIP5 10000
S BSHIP6 17000
S ASHIP1 36000
S ASHIP2 52000
S ASHIP3 1000
S ASHIP4 50000
S ASHIP5 20000
S ASHIP6 57000
/
ICEE
/
PATH
S BSHIP1 82
0 0 0 1
31101 24393 4 2
3548 19629 7 0
3548 19629 10 3
31101 24393 10 1
24084 19954 11 2
18756 11840 12 0
18756 11840 14 3
24084 19954 13 1
7376 13931 15 2
26308 16944 17 0
26308 16944 19 3
7376 13931 19 1
24626 11323 21 2
5537 21538 24 0
5537 21538 27 3
24626 11323 27 1
2082 22929 30 2
16541 4833 33 0
16541 4833 36 3
2082 22929 36 1
4639 29658 37 2
22704 9930 40 0
22704 9930 43 3
4639 29658 43 1
2306 31673 44 2
22386 5021 48 0
22386 5021 52 3
2306 31673 52 1
26924 19072 55 2
6270 5829 58 0
6270 5829 61 3
26924 19072 61 1
15573 5097 63 2
16512 23986 65 0
16512 23986 67 3
15573 5097 67 1
9161 18636 69 2
22355 24767 71 0
22355 24767 73 3
9161 18636 73 1
15574 4031 75 2
12052 27350 78 0
12052 27350 81 3
15574 4031 81 1
16941 21724 83 2
13966 3430 85 0
13966 3430 87 3
16941 21724 87 1
30191 18007 89 2
11337 15457 91 0
11337 15457 93 3
30191 18007 93 1
27753 10383 94 2
14945 8909 96 0
14945 8909 98 3
27753 10383 98 1
9758 24221 101 2
18588 6422 103 0
18588 6422 105 3
9758 24221 105 1
27506 13030 108 2
16413 29168 110 0
16413 29168 112 3
27506 13030 112 1
32591 18762 113 2
1655 17410 117 0
1655 17410 121 3
32591 18762 121 1
27624 20537 122 2
21548 6483 124 0
21548 6483 126 3
27624 20537 126 1
4041 3602 129 2
24350 10291 132 0
24350 10291 135 3
4041 3602 135 1
9374 11020 136 2
4596 24021 138 0
4596 24021 140 3
9374 11020 140 1
0 0 142 0
H ASHIP1 80
0 0 0 1
31101 24393 4 0
31101 24393 7 4
3548 19629 10 0
3548 19629 10 1
24084 19954 13 4
18756 11840 14 0
18756 11840 13 1
7376 13931 15 0
7376 13931 17 4
26308 16944 19 0
26308 16944 19 1
24626 11323 20 0
24626 11323 24 4
5537 21538 27 0
5537 21538 27 1
2082 22929 28 0
2082 22929 33 4
16541 4833 36 0
16541 4833 36 1
4639 29658 39 0
4639 29658 40 4
22704 9930 43 0
22704 9930 43 1
2306 31673 46 0
2306 31673 48 4
22386 5021 52 0
22386 5021 52 1
26924 19072 54 0
26924 19072 58 4
6270 5829 61 0
6270 5829 61 1
15573 5097 62 0
15573 5097 65 4
16512 23986 67 0
16512 23986 67 1
9161 18636 68 0
9161 18636 71 4
22355 24767 73 0
22355 24767 73 1
15574 4031 76 0
15574 4031 78 4
12052 27350 81 0
12052 27350 81 1
16941 21724 82 0
16941 21724 85 4
13966 3430 87 0
13966 3430 87 1
30191 18007 90 0
30191 18007 91 4
11337 15457 93 0
11337 15457 93 1
27753 10383 95 0
27753 10383 96 4
14945 8909 98 0
14945 8909 98 1
9758 24221 100 0
9758 24221 103 4
18588 6422 105 0
18588 6422 105 1
27506 13030 107 0
27506 13030 110 4
16413 29168 112 0
16413 29168 112 1
32591 18762 114 0
32591 18762 117 4
1655 17410 121 0
1655 17410 121 1
27624 20537 124 4
21548 6483 126 0
21548 6483 126 1
4041 3602 128 0
4041 3602 132 4
24350 10291 135 0
24350 10291 135 1
9374 11020 137 0
9374 11020 138 4
4596 24021 140 0
4596 24021 140 1
0 0 143 0
/