TRAC
41 18467 6334 26500 50 
15724 11478 29358 26962 25 
5705 28145 23281 16827 10 
491 2995 11942 4827 35 
32391 14604 3902 153 15 
12382 17421 18716 19718 30 
5447 21726 14771 11538 50 
19912 25667 26299 17035 25 
28703 23811 31322 30333 20 
4664 15141 7711 28253 45 
/
SHIP
S ASHIP1 8
S ASHIP2 5
S ASHIP3 3
H BSHIP1 8 8000
H BSHIP2 10 4000
H BSHIP3 2 10000
/
MONE
79
H BSHIP1 17000
H BSHIP2 36000
H BSHIP3 91000
S ASHIP1 43000
S ASHIP2 89000
S ASHIP3 7000
/
ICEE
/
PATH
H BSHIP1 41
0 0 0 1
41 18467 3 2
6334 26500 5 0
6334 26500 7 3
41 18467 7 1
15724 11478 10 2
29358 26962 13 0
29358 26962 16 3
5705 28145 19 2
23281 16827 22 0
23281 16827 25 3
5705 28145 25 1
491 2995 29 2
11942 4827 31 0
11942 4827 33 3
491 2995 33 1
32391 14604 38 2
3902 153 42 0
3902 153 46 3
32391 14604 46 1
12382 17421 49 2
18716 19718 50 0
18716 19718 51 3
12382 17421 51 1
5447 21726 53 2
14771 11538 55 0
14771 11538 57 3
5447 21726 57 1
19912 25667 59 2
26299 17035 61 0
26299 17035 63 3
19912 25667 63 1
28703 23811 65 2
31322 30333 66 0
31322 30333 67 3
28703 23811 67 1
4664 15141 71 2
7711 28253 73 0
7711 28253 75 3
4664 15141 75 1
0 0 77 0
S ASHIP1 42
0 0 0 1
41 18467 3 0
41 18467 5 4
6334 26500 7 0
6334 26500 7 1
15724 11478 10 0
15724 11478 13 4
29358 26962 16 0
29358 26962 16 1
5705 28145 19 0
5705 28145 22 4
23281 16827 25 0
23281 16827 25 1
491 2995 29 0
491 2995 31 4
11942 4827 33 0
11942 4827 33 1
32391 14604 36 0
32391 14604 42 4
3902 153 46 0
3902 153 46 1
12382 17421 49 0
12382 17421 50 4
18716 19718 51 0
18716 19718 51 1
5447 21726 53 0
5447 21726 55 4
14771 11538 57 0
14771 11538 57 1
19912 25667 59 0
19912 25667 61 4
26299 17035 63 0
26299 17035 63 1
28703 23811 64 0
28703 23811 66 4
31322 30333 67 0
31322 30333 67 1
4664 15141 71 0
4664 15141 73 4
7711 28253 75 0
7711 28253 75 1
0 0 79 0
/