TRAC
9601 28323 21132 24472 15 
25087 28570 29763 29901 20 
14423 3527 11600 26969 30 
5565 28 21543 25347 45 
2943 12637 22409 26463 50 
4681 1588 11342 608 5 
21221 1758 29954 20888 35 
690 7949 12843 21430 5 
748 27067 4536 20783 30 
32226 15185 7038 9853 50 
11224 15748 19923 3359 40 
24766 4944 14955 23318 35 
25411 21025 20355 31001 50 
9496 18584 9515 17964 15 
8075 17913 16142 31196 45 
25072 20426 14606 26173 50 
32404 6705 20626 29812 30 
30093 16565 16036 14736 10 
30814 5994 8256 6652 35 
30838 20482 1355 21015 10 
18230 17841 14625 2011 40 
4186 19690 1650 5662 25 
10893 10353 21416 13452 45 
7262 22233 5454 16303 25 
26303 14256 148 11124 40 
4213 27109 24028 29200 5 
21318 16858 24050 24155 10 
15264 11903 3676 29643 50 
14902 3561 28489 24948 15 
13653 30674 2220 5402 20 
3831 19369 3878 20259 45 
22619 23971 30003 21945 10 
26504 12392 32685 25313 45 
5589 12722 5938 19037 5 
31461 6234 12508 9961 50 
6493 1515 25269 24937 50 
58 14700 13971 26264 40 
16215 24555 7815 18330 50 
30212 29288 28082 1954 30 
20710 24484 24774 8380 30 
25951 6541 18115 1679 5 
25898 23073 788 23977 15 
29956 28689 26113 10008 10 
15790 1723 21363 28 25 
24778 7200 5071 1885 25 
1071 11333 22867 26153 30 
32168 20825 9676 15629 5 
2598 3309 4693 4686 5 
10116 12249 26667 1528 50 
7864 29421 8405 8826 35 
/
SHIP
S ASHIP1 7
S ASHIP2 7
S ASHIP3 7
S ASHIP4 8
S ASHIP5 2
S ASHIP6 5
S ASHIP7 1
S ASHIP8 7
S ASHIP9 2
S ASHIP10 3
S ASHIP11 2
S ASHIP12 5
S ASHIP13 10
S ASHIP14 6
S ASHIP15 3
H BSHIP1 4 5000
H BSHIP2 2 6000
H BSHIP3 3 4000
H BSHIP4 2 7000
H BSHIP5 9 9000
H BSHIP6 3 8000
H BSHIP7 8 2000
H BSHIP8 3 7000
H BSHIP9 1 5000
H BSHIP10 10 5000
H BSHIP11 7 1000
H BSHIP12 4 7000
H BSHIP13 3 5000
H BSHIP14 6 9000
H BSHIP15 9 2000
/
MONE
13
S BSHIP1 32000
S BSHIP2 15000
S BSHIP3 40000
S BSHIP4 59000
S BSHIP5 23000
S BSHIP6 5000
S BSHIP7 96000
S BSHIP8 53000
S BSHIP9 70000
S BSHIP10 80000
S BSHIP11 39000
S BSHIP12 24000
S BSHIP13 19000
S BSHIP14 67000
S BSHIP15 60000
S ASHIP1 99000
S ASHIP2 87000
S ASHIP3 97000
S ASHIP4 63000
S ASHIP5 34000
S ASHIP6 59000
S ASHIP7 23000
S ASHIP8 47000
S ASHIP9 93000
S ASHIP10 38000
S ASHIP11 26000
S ASHIP12 48000
S ASHIP13 59000
S ASHIP14 3000
S ASHIP15 8000
/
ICEE
/
PATH
S BSHIP1 202
0 0 0 1
9601 28323 8 2
21132 24472 12 0
21132 24472 14 3
9601 28323 16 1
25087 28570 20 2
29763 29901 22 0
29763 29901 23 3
25087 28570 24 1
14423 3527 31 2
11600 26969 37 0
11600 26969 41 3
14423 3527 43 1
5565 28 46 2
21543 25347 54 0
21543 25347 59 3
5565 28 62 1
2943 12637 66 2
22409 26463 72 0
22409 26463 76 3
2943 12637 78 1
4681 1588 81 2
11342 608 83 0
11342 608 84 3
4681 1588 85 1
21221 1758 90 2
29954 20888 96 0
29954 20888 100 3
21221 1758 102 1
690 7949 108 2
12843 21430 113 0
12843 21430 116 3
690 7949 118 1
748 27067 123 2
4536 20783 125 0
4536 20783 127 3
748 27067 127 1
32226 15185 136 2
7038 9853 143 0
7038 9853 147 3
32226 15185 150 1
11224 15748 156 2
19923 3359 160 0
19923 3359 163 3
11224 15748 164 1
24766 4944 169 2
14955 23318 175 0
14955 23318 178 3
24766 4944 181 1
25411 21025 186 2
20355 31001 189 0
20355 31001 191 3
25411 21025 192 1
9496 18584 197 2
9515 17964 198 0
9515 17964 199 3
9496 18584 199 1
8075 17913 200 2
16142 31196 204 0
16142 31196 207 3
8075 17913 208 1
25072 20426 213 2
14606 26173 216 0
14606 26173 218 3
25072 20426 219 1
32404 6705 223 2
20626 29812 230 0
20626 29812 234 3
32404 6705 237 1
30093 16565 240 2
16036 14736 244 0
16036 14736 247 3
30093 16565 248 1
30814 5994 251 2
8256 6652 257 0
8256 6652 261 3
30814 5994 263 1
30838 20482 267 2
1355 21015 275 0
1355 21015 280 3
30838 20482 283 1
18230 17841 287 2
14625 2011 292 0
14625 2011 295 3
18230 17841 297 1
4186 19690 301 2
1650 5662 305 0
1650 5662 308 3
4186 19690 309 1
10893 10353 312 2
21416 13452 315 0
21416 13452 317 3
10893 10353 318 1
7262 22233 322 2
5454 16303 324 0
5454 16303 325 3
7262 22233 326 1
26303 14256 332 2
148 11124 339 0
148 11124 343 3
26303 14256 346 1
4213 27109 353 2
24028 29200 358 0
24028 29200 361 3
4213 27109 363 1
21318 16858 368 2
24050 24155 370 0
24050 24155 372 3
21318 16858 372 1
15264 11903 374 2
3676 29643 380 0
3676 29643 384 3
15264 11903 386 1
14902 3561 389 2
28489 24948 396 0
28489 24948 400 3
14902 3561 403 1
13653 30674 410 2
2220 5402 417 0
2220 5402 421 3
13653 30674 424 1
3831 19369 428 2
3878 20259 429 0
3878 20259 430 3
3831 19369 430 1
22619 23971 435 2
30003 21945 437 0
30003 21945 439 3
22619 23971 439 1
26504 12392 443 2
32685 25313 447 0
32685 25313 450 3
26504 12392 451 1
5589 12722 457 2
5938 19037 459 0
5938 19037 460 3
5589 12722 461 1
31461 6234 468 2
12508 9961 473 0
12508 9961 476 3
31461 6234 478 1
6493 1515 485 2
25269 24937 493 0
25269 24937 498 3
6493 1515 501 1
58 14700 505 2
13971 26264 510 0
13971 26264 513 3
58 14700 515 1
16215 24555 520 2
7815 18330 523 0
7815 18330 525 3
16215 24555 526 1
30212 29288 530 2
28082 1954 537 0
28082 1954 541 3
30212 29288 544 1
20710 24484 547 2
24774 8380 552 0
24774 8380 555 3
20710 24484 557 1
25951 6541 562 2
18115 1679 565 0
18115 1679 567 3
25951 6541 568 1
25898 23073 573 2
788 23977 580 0
788 23977 584 3
25898 23073 587 1
29956 28689 589 2
26113 10008 594 0
26113 10008 597 3
29956 28689 599 1
15790 1723 607 2
21363 28 609 0
21363 28 610 3
15790 1723 611 1
24778 7200 614 2
5071 1885 620 0
5071 1885 623 3
24778 7200 626 1
1071 11333 633 2
22867 26153 640 0
22867 26153 644 3
1071 11333 647 1
32168 20825 656 2
9676 15629 662 0
9676 15629 666 3
32168 20825 668 1
2598 3309 677 2
4693 4686 678 0
4693 4686 679 3
2598 3309 679 1
10116 12249 682 2
26667 1528 687 0
26667 1528 690 3
10116 12249 692 1
7864 29421 697 2
8405 8826 703 0
8405 8826 706 3
7864 29421 709 1
0 0 717 0
H ASHIP1 201
0 0 0 1
9601 28323 5 0
9601 28323 12 4
21132 24472 14 0
21132 24472 16 1
25087 28570 17 0
25087 28570 22 4
29763 29901 23 0
29763 29901 24 1
14423 3527 29 0
14423 3527 37 4
11600 26969 41 0
11600 26969 43 1
5565 28 47 0
5565 28 54 4
21543 25347 59 0
21543 25347 62 1
2943 12637 66 0
2943 12637 72 4
22409 26463 76 0
22409 26463 78 1
4681 1588 83 4
11342 608 84 0
11342 608 85 1
21221 1758 87 0
21221 1758 96 4
29954 20888 100 0
29954 20888 102 1
690 7949 107 0
690 7949 113 4
12843 21430 116 0
12843 21430 118 1
748 27067 120 0
748 27067 125 4
4536 20783 127 0
4536 20783 127 1
32226 15185 132 0
32226 15185 143 4
7038 9853 147 0
7038 9853 150 1
11224 15748 152 0
11224 15748 160 4
19923 3359 163 0
19923 3359 164 1
24766 4944 165 0
24766 4944 175 4
14955 23318 178 0
14955 23318 181 1
25411 21025 183 0
25411 21025 189 4
20355 31001 191 0
20355 31001 192 1
9496 18584 195 0
9496 18584 198 4
9515 17964 199 0
9515 17964 199 1
8075 17913 200 0
8075 17913 204 4
16142 31196 207 0
16142 31196 208 1
25072 20426 210 0
25072 20426 216 4
14606 26173 218 0
14606 26173 219 1
32404 6705 223 0
32404 6705 230 4
20626 29812 234 0
20626 29812 237 1
30093 16565 240 0
30093 16565 244 4
16036 14736 247 0
16036 14736 248 1
30814 5994 251 0
30814 5994 257 4
8256 6652 261 0
8256 6652 263 1
30838 20482 267 0
30838 20482 275 4
1355 21015 280 0
1355 21015 283 1
18230 17841 286 0
18230 17841 292 4
14625 2011 295 0
14625 2011 297 1
4186 19690 300 0
4186 19690 305 4
1650 5662 308 0
1650 5662 309 1
10893 10353 311 0
10893 10353 315 4
21416 13452 317 0
21416 13452 318 1
7262 22233 321 0
7262 22233 324 4
5454 16303 325 0
5454 16303 326 1
26303 14256 329 0
26303 14256 339 4
148 11124 343 0
148 11124 346 1
4213 27109 349 0
4213 27109 358 4
24028 29200 361 0
24028 29200 363 1
21318 16858 365 0
21318 16858 370 4
24050 24155 372 0
24050 24155 372 1
15264 11903 375 0
15264 11903 380 4
3676 29643 384 0
3676 29643 386 1
14902 3561 391 0
14902 3561 396 4
28489 24948 400 0
28489 24948 403 1
13653 30674 406 0
13653 30674 417 4
2220 5402 421 0
2220 5402 424 1
3831 19369 427 0
3831 19369 429 4
3878 20259 430 0
3878 20259 430 1
22619 23971 433 0
22619 23971 437 4
30003 21945 439 0
30003 21945 439 1
26504 12392 441 0
26504 12392 447 4
32685 25313 450 0
32685 25313 451 1
5589 12722 456 0
5589 12722 459 4
5938 19037 460 0
5938 19037 461 1
31461 6234 466 0
31461 6234 473 4
12508 9961 476 0
12508 9961 478 1
6493 1515 480 0
6493 1515 493 4
25269 24937 498 0
25269 24937 501 1
58 14700 505 0
58 14700 510 4
13971 26264 513 0
13971 26264 515 1
16215 24555 516 0
16215 24555 523 4
7815 18330 525 0
7815 18330 526 1
30212 29288 530 0
30212 29288 537 4
28082 1954 541 0
28082 1954 544 1
20710 24484 548 0
20710 24484 552 4
24774 8380 555 0
24774 8380 557 1
25951 6541 558 0
25951 6541 565 4
18115 1679 567 0
18115 1679 568 1
25898 23073 572 0
25898 23073 580 4
788 23977 584 0
788 23977 587 1
29956 28689 592 0
29956 28689 594 4
26113 10008 597 0
26113 10008 599 1
15790 1723 601 0
15790 1723 609 4
21363 28 610 0
21363 28 611 1
24778 7200 613 0
24778 7200 620 4
5071 1885 623 0
5071 1885 626 1
1071 11333 628 0
1071 11333 640 4
22867 26153 644 0
22867 26153 647 1
32168 20825 649 0
32168 20825 662 4
9676 15629 666 0
9676 15629 668 1
2598 3309 671 0
2598 3309 678 4
4693 4686 679 0
4693 4686 679 1
10116 12249 681 0
10116 12249 687 4
26667 1528 690 0
26667 1528 692 1
7864 29421 697 0
7864 29421 703 4
8405 8826 706 0
8405 8826 709 1
0 0 711 0
/