TRAC
869 937 269 515 20 
117 264 971 700 45 
39 330 815 555 30 
85 954 82 288 15 
815 380 774 484 5 
110 679 115 541 10 
132 977 788 73 45 
941 8 113 689 35 
184 28 363 723 5 
974 885 71 200 45 
295 153 867 333 10 
650 629 676 825 45 
80 686 693 309 45 
679 528 667 249 35 
816 826 405 421 25 
681 87 666 726 35 
662 21 686 340 25 
902 415 309 64 10 
762 745 941 124 20 
318 268 806 531 20 
12 481 307 907 15 
84 809 114 630 35 
152 996 293 290 35 
491 248 708 345 25 
958 439 114 131 15 
269 52 995 704 15 
866 918 423 238 50 
462 196 486 498 50 
392 146 22 158 20 
602 458 647 925 40 
600 292 830 98 40 
882 448 352 799 45 
567 762 575 315 5 
828 897 418 397 35 
925 449 230 816 10 
560 940 520 229 45 
792 675 655 162 40 
714 146 398 754 10 
663 638 569 188 35 
615 475 521 515 30 
/
SHIP
S ASHIP1 9
S ASHIP2 5
S ASHIP3 1
S ASHIP4 6
S ASHIP5 5
S ASHIP6 8
S ASHIP7 3
S ASHIP8 2
S ASHIP9 5
S ASHIP10 10
S ASHIP11 10
S ASHIP12 1
H BSHIP1 1 4000
H BSHIP2 6 4000
H BSHIP3 8 1000
H BSHIP4 8 7000
H BSHIP5 4 9000
H BSHIP6 5 7000
H BSHIP7 2 5000
H BSHIP8 6 10000
H BSHIP9 8 6000
H BSHIP10 8 5000
H BSHIP11 5 4000
H BSHIP12 9 1000
/
MONE
69
S ASHIP1 82000
S ASHIP2 86000
S ASHIP3 53000
S ASHIP4 74000
S ASHIP5 53000
S ASHIP6 95000
S ASHIP7 77000
S ASHIP8 27000
S ASHIP9 97000
S ASHIP10 73000
S ASHIP11 50000
S ASHIP12 41000
H BSHIP1 75000
H BSHIP2 20000
H BSHIP3 44000
H BSHIP4 12000
H BSHIP8 66000
H BSHIP9 6000
H BSHIP10 86000
H BSHIP11 17000
H BSHIP12 51000
/
ICEE
5 615 624
5 166 259
6 509 509
2 573 662
9 172 240
7 31 99
5 510 532
3 779 789
6 182 273
5 764 838
1 902 957
2 474 546
8 122 169
6 789 794
4 594 644
3 754 835
9 672 711
8 912 974
9 408 423
5 223 282
10 204 290
7 958 1003
8 166 166
3 692 779
8 556 630
3 21 104
4 331 407
3 948 971
1 18 94
7 111 193
5 490 515
10 486 563
8 643 677
2 668 736
9 196 279
2 727 753
4 697 709
6 27 35
9 508 593
4 237 280
9 501 551
10 111 161
10 192 246
8 681 746
5 713 806
1 472 544
8 901 943
3 877 947
1 364 445
4 823 860
10 179 274
1 327 369
7 182 240
9 487 557
4 651 709
7 860 943
3 742 752
2 128 162
8 718 721
2 865 903
5 257 307
2 598 656
8 63 119
6 278 367
7 365 440
1 386 419
9 330 378
1 492 525
1 766 801
3 599 636
3 982 1010
5 369 413
8 608 660
9 432 467
4 264 361
2 649 664
3 189 189
2 648 671
2 474 507
1 200 254
1 697 716
5 578 609
10 340 427
9 525 608
3 492 585
5 11 71
6 840 937
6 529 569
1 791 883
10 549 627
4 971 1048
8 193 213
1 826 902
10 582 660
10 418 507
3 449 473
8 380 388
4 208 285
7 370 377
2 74 96
7 19 80
4 890 953
3 716 748
4 741 795
1 862 958
10 615 619
9 136 216
5 32 119
7 240 257
3 670 711
9 249 272
6 105 126
9 296 312
9 178 257
8 577 627
6 729 810
4 678 754
6 899 983
3 93 101
5 243 272
/