TRAC
922 973 191 55 45 
446 144 986 651 45 
874 916 629 517 40 
693 146 912 469 10 
640 857 949 815 10 
226 487 551 236 15 
180 394 183 955 15 
261 513 65 65 40 
611 140 878 78 45 
489 975 170 445 40 
214 865 333 149 5 
367 896 432 7 15 
231 641 810 882 15 
538 321 479 705 40 
276 646 208 447 10 
486 666 422 189 50 
253 860 614 28 30 
431 861 503 348 40 
752 106 197 455 15 
455 21 281 296 10 
376 135 318 124 40 
253 74 998 859 25 
153 888 643 635 15 
678 926 680 747 15 
855 199 961 801 5 
245 561 573 716 20 
181 353 550 274 20 
465 643 110 699 40 
476 112 981 529 15 
805 671 890 247 10 
165 320 989 32 15 
578 206 293 658 10 
396 166 171 206 45 
788 529 694 20 40 
617 978 969 984 50 
906 168 684 626 30 
199 390 118 97 45 
710 420 199 486 30 
318 85 415 813 10 
444 387 267 331 5 
74 827 360 507 35 
693 268 271 152 10 
677 604 311 337 30 
0 413 22 768 35 
355 388 38 537 15 
584 93 181 647 50 
501 217 493 761 40 
104 753 665 447 15 
964 221 525 95 25 
343 656 106 872 10 
/
SHIP
S ASHIP1 4
S ASHIP2 1
S ASHIP3 1
S ASHIP4 9
S ASHIP5 2
S ASHIP6 4
S ASHIP7 9
S ASHIP8 2
S ASHIP9 7
S ASHIP10 10
S ASHIP11 9
S ASHIP12 1
S ASHIP13 2
S ASHIP14 4
S ASHIP15 10
H BSHIP1 10 4000
H BSHIP2 7 4000
H BSHIP3 6 6000
H BSHIP4 1 5000
H BSHIP5 1 6000
H BSHIP6 6 7000
H BSHIP7 2 6000
H BSHIP8 10 9000
H BSHIP9 3 7000
H BSHIP10 6 3000
H BSHIP11 6 1000
H BSHIP12 6 3000
H BSHIP13 1 3000
H BSHIP14 8 7000
H BSHIP15 9 3000
/
MONE
81
S ASHIP1 41000
S ASHIP2 77000
S ASHIP3 59000
S ASHIP4 94000
S ASHIP5 41000
S ASHIP6 47000
S ASHIP7 75000
S ASHIP8 74000
S ASHIP9 98000
S ASHIP10 81000
S ASHIP11 36000
S ASHIP12 73000
S ASHIP13 1000
S ASHIP14 8000
S ASHIP15 56000
H BSHIP1 67000
H BSHIP2 42000
H BSHIP3 89000
H BSHIP4 82000
H BSHIP5 69000
H BSHIP6 16000
H BSHIP7 97000
H BSHIP8 26000
H BSHIP9 10000
H BSHIP10 13000
H BSHIP11 37000
H BSHIP12 56000
H BSHIP13 63000
H BSHIP14 44000
H BSHIP15 43000
/
ICEE
/