TRAC
610 490 681 428 30 
643 459 236 71 40 
630 893 37 633 5 
461 203 782 993 25 
151 997 307 662 5 
703 640 717 890 20 
245 659 661 883 35 
840 601 765 651 35 
58 250 283 497 50 
271 787 581 175 10 
138 979 504 999 40 
205 118 461 530 5 
398 622 459 828 5 
614 481 935 98 5 
746 161 596 493 40 
555 476 538 670 45 
758 752 760 371 40 
401 726 65 255 20 
273 548 393 759 25 
103 137 933 193 15 
627 668 694 211 5 
647 879 248 989 45 
598 875 669 931 50 
443 123 599 436 50 
385 434 861 154 10 
866 704 393 816 40 
792 684 223 308 20 
811 930 469 48 40 
604 743 427 90 25 
158 506 195 474 50 
447 889 809 858 50 
26 975 364 818 5 
840 412 66 503 50 
986 641 395 676 5 
85 83 187 109 10 
381 755 686 250 5 
424 862 277 502 45 
428 885 832 872 30 
925 883 478 889 35 
821 778 45 260 30 
134 773 927 520 30 
1 334 336 675 10 
356 590 974 310 40 
282 145 935 80 10 
37 712 573 718 30 
692 717 162 905 45 
231 103 946 47 50 
645 829 858 839 30 
675 272 645 199 25 
238 480 773 72 15 
277 203 608 542 40 
382 78 401 134 30 
138 939 478 736 50 
575 677 663 426 10 
862 961 700 981 25 
16 684 95 448 15 
944 284 993 507 40 
668 643 58 821 50 
891 41 857 119 40 
929 72 915 623 25 
/
MONE
55
S ASHIP1 70000
S ASHIP2 9000
S ASHIP3 28000
S ASHIP4 94000
S ASHIP5 69000
S ASHIP6 67000
S ASHIP7 3000
S ASHIP8 39000
S ASHIP9 1000
S ASHIP10 20000
S ASHIP11 19000
S ASHIP12 91000
S ASHIP13 85000
S ASHIP14 40000
S ASHIP15 57000
S ASHIP16 9000
S ASHIP17 33000
S ASHIP18 79000
H BSHIP1 15000
H BSHIP2 88000
H BSHIP3 40000
H BSHIP4 75000
H BSHIP5 21000
H BSHIP6 28000
H BSHIP7 55000
H BSHIP8 89000
H BSHIP9 42000
H BSHIP10 99000
H BSHIP11 43000
H BSHIP12 3000
H BSHIP13 22000
H BSHIP14 5000
H BSHIP15 47000
H BSHIP16 57000
H BSHIP17 10000
H BSHIP18 34000
/
