TRAC
757 10 926 60 40 
43 227 576 315 5 
86 882 109 164 45 
625 474 577 487 30 
520 423 928 629 40 
737 596 123 962 15 
260 264 525 195 10 
11 326 30 116 15 
520 153 547 411 10 
940 763 188 924 5 
713 900 829 662 10 
477 7 365 578 45 
760 303 439 58 5 
113 108 477 324 40 
428 460 850 801 40 
111 540 405 384 20 
350 72 356 835 25 
626 216 556 485 20 
271 337 357 526 40 
617 22 896 361 50 
41 585 696 717 15 
559 565 229 129 20 
962 53 855 296 15 
457 972 654 734 25 
483 607 963 532 50 
675 848 67 635 10 
511 754 142 223 45 
221 825 459 175 10 
783 205 934 626 5 
193 701 279 398 5 
/
SHIP
S ASHIP1 5
S ASHIP2 8
S ASHIP3 5
S ASHIP4 7
S ASHIP5 4
S ASHIP6 7
S ASHIP7 6
S ASHIP8 3
S ASHIP9 9
H BSHIP1 1 2000
H BSHIP2 2 4000
H BSHIP3 6 6000
H BSHIP4 3 3000
H BSHIP5 8 2000
H BSHIP6 9 5000
H BSHIP7 4 3000
H BSHIP8 4 7000
H BSHIP9 4 1000
/
MONE
76
S ASHIP1 73000
S ASHIP2 19000
S ASHIP3 11000
S ASHIP4 18000
S ASHIP5 33000
S ASHIP6 13000
S ASHIP7 96000
S ASHIP8 70000
S ASHIP9 32000
H BSHIP1 41000
H BSHIP2 89000
H BSHIP3 86000
H BSHIP4 91000
H BSHIP5 98000
H BSHIP6 90000
H BSHIP7 91000
H BSHIP8 46000
H BSHIP9 54000
/
ICEE
1 314 365
6 44 102
6 759 851
4 264 345
9 829 904
10 292 389
8 556 617
10 467 508
5 240 253
6 601 678
3 683 696
3 824 825
9 759 829
6 27 111
1 786 884
5 287 334
4 503 524
1 706 769
1 171 260
10 164 206
5 913 1004
1 818 850
10 205 280
9 303 325
9 247 331
4 971 1035
3 75 120
10 546 624
6 262 281
6 289 333
9 540 585
2 318 388
3 323 355
1 152 239
4 763 764
1 423 450
6 969 984
8 28 71
8 88 131
10 409 472
3 681 769
2 608 668
9 758 812
10 146 236
1 843 873
7 748 815
7 783 818
4 185 223
9 629 653
8 923 982
6 766 810
2 318 344
2 25 80
5 549 645
3 515 579
3 75 88
3 196 244
4 426 432
6 429 433
6 626 638
7 93 158
5 736 777
3 994 1050
3 936 974
2 355 370
6 230 271
7 11 48
3 690 740
4 634 727
9 416 468
5 262 295
4 303 337
5 256 304
10 317 330
1 28 29
1 318 376
5 155 216
4 903 979
2 909 911
3 489 537
1 653 727
2 402 425
10 369 447
2 8 27
2 3 48
6 504 596
10 313 411
8 722 760
5 410 471
10 508 569
/