TRAC
103 558 81 318 10 
457 464 178 238 45 
867 756 922 221 15 
841 234 343 298 5 
811 411 62 352 50 
760 651 881 405 20 
84 694 842 271 45 
323 155 955 500 -30 
17 10 939 688 5 
419 495 210 948 15 
695 851 171 189 45 
407 800 649 637 20 
641 812 177 884 25 
551 537 162 496 25 
445 938 565 732 10 
745 178 526 194 45 
312 257 149 205 45 
353 692 727 199 10 
376 149 567 542 30 
815 103 748 742 30 
137 749 965 73 40 
768 53 970 331 50 
695 981 156 178 15 
859 278 731 929 35 
54 238 958 89 15 
147 171 656 208 15 
107 819 174 511 20 
45 261 788 599 30 
667 76 732 492 30 
167 54 899 367 20 
977 793 129 114 15 
326 889 831 12 25 
836 674 489 299 40 
491 503 957 387 15 
952 361 27 829 15 
554 597 183 646 35 
224 476 945 102 15 
343 632 623 195 10 
437 989 282 369 15 
652 654 179 35 50 
293 945 132 350 50 
177 204 590 649 10 
228 528 750 319 30 
184 774 785 668 15 
189 915 37 884 10 
546 850 759 74 10 
161 421 233 427 5 
461 263 350 546 45 
945 371 594 458 35 
953 254 420 246 15 
616 735 419 586 5 
265 18 592 335 20 
644 746 525 336 5 
726 105 815 482 15 
593 80 306 773 10 
857 223 214 591 5 
762 285 322 849 5 
848 152 374 268 15 
272 237 762 638 30 
481 519 343 200 15 
714 984 145 991 5 
386 282 399 79 30 
516 185 193 650 50 
896 425 499 888 45 
970 502 814 331 50 
851 398 77 598 40 
741 505 53 463 45 
695 81 655 662 40 
538 670 94 872 45 
365 243 523 445 10 
499 599 937 135 45 
66 31 124 554 15 
875 818 556 722 50 
728 132 361 910 15 
348 826 277 149 15 
944 175 338 777 45 
640 340 821 139 30 
951 547 148 81 35 
77 557 110 551 40 
23 540 576 403 50 
485 906 369 454 25 
658 573 930 48 50 
604 31 373 884 35 
987 10 422 791 20 
23 579 994 568 25 
477 285 141 657 50 
549 435 828 272 20 
265 867 743 9 40 
604 538 369 891 5 
409 693 991 212 Q 
/
SHIP
S ASHIP1 1
S ASHIP2 8
S ASHIP3 3
S ASHIP4 9
S ASHIP5 1
S ASHIP6 10
S ASHIP7 3
S ASHIP8 1
S ASHIP9 10
S ASHIP10 5
S ASHIP11 3
S ASHIP12 1
S ASHIP13 7
S ASHIP14 7
S ASHIP15 5
S ASHIP16 7
S 2
S ASHIP18 4
S ASHIP19 7
S ASHIP20 5
S ASHIP21 6
S ASHIP22 9
S ASHIP23 10
S ASHIP24 8
S ASHIP25 5
S ASHIP26 5
S ASHIP27 2
H BSHIP1 8 7000
H BSHIP2 5 6000
H BSHIP3 3 1000
H BSHIP4 4 4000
H BSHIP5 3 3000
H BSHIP6 10 4000
H BSHIP7 10 9000
H BSHIP8 10 4000
H BSHIP9 6 8000
H BSHIP10 3 6000
H BSHIP11 6 10000
H BSHIP12 10 9000
H BSHIP13 1 8000
H BSHIP14 2 5000
H BSHIP15 4 1000
H BSHIP16 3 9000
H BSHIP17 4 8000
H BSHIP18 4 3000
H BSHIP19 7 6000
H BSHIP20 8 1000
H BSHIP21 10 3000
H BSHIP22 7 7000
H BSHIP23 3 5000
H BSHIP24 6 8000
H BSHIP25 7 10000
H BSHIP26 8 1000
H 2 7000
/
MONE
76
S ASHIP1 21000
S ASHIP2 93000
S ASHIP3 66000
S ASHIP4 48000
S ASHIP5 59000
S ASHIP6 85000
S ASHIP7 32000
S ASHIP8 30000
S ASHIP9 83000
S ASHIP10 6000
S ASHIP11 63000
S ASHIP12 90000
S ASHIP13 24000
S ASHIP14 71000
S ASHIP15 43000
S ASHIP16 83000
S ASHIP17 97000
S ASHIP18 81000
S ASHIP19 70000
S ASHIP20 73000
S ASHIP21 16000
S ASHIP22 52000
S ASHIP23 37000
S ASHIP24 56000
S ASHIP25 75000
S ASHIP26 78000
S ASHIP27 55000
H BSHIP1 30000
H BSHIP2 83000
H BSHIP3 52000
H BSHIP4 70000
H BSHIP5 38000
H BSHIP6 2000
H BSHIP7 77000
H BSHIP8 5000
H BSHIP9 74000
H BSHIP10 62000
H BSHIP11 98000
H BSHIP12 96000
H BSHIP13 26000
H BSHIP14 86000
H BSHIP15 63000
H BSHIP16 30000
H BSHIP17 61000
H BSHIP18 19000
H BSHIP19 74000
H BSHIP20 80000
H BSHIP21 10000
H BSHIP22 63000
H BSHIP23 25000
H BSHIP24 75000
H BSHIP25 83000
H BSHIP26 76000
H BSHIP27 16000
/