TRAC
410 655 762 591 5 
483 548 537 624 50 
291 350 602 41 30 
21 596 20 374 35 
281 484 668 199 45 
938 418 999 53 25 
728 467 127 788 5 
421 807 483 648 20 
309 514 813 617 5 
249 600 451 935 35 
224 303 798 556 50 
702 989 609 844 45 
523 343 93 485 30 
200 448 503 314 40 
798 796 580 618 45 
157 9 798 589 10 
38 292 538 622 15 
191 958 657 190 50 
202 511 156 888 30 
646 328 55 272 25 
/
SHIP
S ASHIP1 3
S ASHIP2 7
S ASHIP3 6
S ASHIP4 4
S ASHIP5 10
S ASHIP6 3
H BSHIP1 7 5000
H BSHIP2 9 2000
H BSHIP3 2 3000
H BSHIP4 10 2000
H BSHIP5 7 8000
H BSHIP6 10 3000
/
MONE
-8
S ASHIP1 13000
S ASHIP2 1000
S ASHIP3 11000
S ASHIP4 4000
S ASHIP5 0
S ASHIP6 62000
H BSHIP1 89000
H BSHIP2 2000
H BSHIP3 90000
H BSHIP4 56000
H BSHIP5 24000
H BSHIP6 3000

ICEE
6 585 667
8 88 114
3 757 789
2 169 223
10 189 265
6 368 460
10 555 589
6 441 453
4 60 78
10 139 162
10 996 1083
7 549 586
6 949 1042
7 297 313
3 105 193
5 455 489
2 701 717
4 786 849
4 355 440
3 912 920
7 945 958
7 321 379
5 982 1063
10 196 218
1 161 196
5 173 239
10 659 751
5 253 277
10 510 555
5 186 199
9 22 90
9 787 792
6 391 393
5 477 491
5 824 858
4 372 431
8 70 157
4 518 595
9 270 333
3 192 277
8 480 493
8 -802 901
5 625 668
2 23 95
3 181 184
6 505 598
3 31 123
5 222 308
1 900 987
1 413 487
4 170 205
7 711 771
1 667 752
6 140 234
6 624 643
9 576 670
7 302 373
2 678 771
5 484 502
1 119 171
/