TRAC
169 500 334 467 0 
464 962 358 478 25 
961 827 281 145 30 
436 827 942 995 10 
292 153 902 604 10 
895 718 716 421 15 
869 538 771 726 40 
894 35 299 667 15 
673 333 322 811 20 
868 253 711 141
/
SHIP
S ASHIP1 8
S ASHIP2 5
S ASHIP3 3
H BSHIP1 8 8000
H BSHIP2 4 0
H BSHIP3 10 2000
/
MONE
79
S ASHIP1 17000
S ASHIP2 36000
S ASHIP3 91000
H BSHIP1 43000
H BSHIP2 89000
H BSHIP3 7000
/
ICEE
5 40 82
6 648 694
1 890 919
2 350 356
10 393 441
5 623 707
7 756 796
9 376 407
7 944 983
9 323 360
10 118 200
6 541 574
5 639 697
7 930 1007
2 673 759
3 745 769
8 270 299
3 573 670
2 986 1076
8 636 691
2 655 729
1 52 102
7 941 965
2 430 437
8 7 44
4 287 340
10 945 954
9 758 779
7 422 468
9 30 43
/