TRAC
814 360 340 908 30 
706 338 752 12 25 
79 179 249 630 30 
145 421 517 838 20 
565 308 839 969 10 
147 970 681 473 15 
429 715 508 708 20 
541 771 663 689 35 
966 514 572 631 50 
655 199 168 170 45 
406 278 936 444 5 
327 371 523 313 40 
102 934 173 461 20 
126 153 463 417 40 
370 406 213 495 30 
223 833 496 305 A 
793 126 519 879 15 
107 444 371 465 30 
596 519 99 87 10 
257 753 492 552 30 
809 886 357 959 5 
313 259 19 686 30 
869 468 101 28 30 
395 74 578 731 35 
511 24 316 274 20 
95 57 971 722 30 
295 658 183 38 25 
232 503 231 983 15 
505 408 480 590 5 
561 557 818 858 15 
332 713 656 28 5 
358 320 467 182 15 
364 983 94 987 25 
425 390 746 714 25 
231 792 467 163 30 
948 128 718 880 50 
587 766 91 79 5 
518 159 825 126 45 
147 456 314 35 5 
208 751 360 134 35 
976 524 589 294 45 
419 372 189 90 25 
539 523 844 702 10 
416 186 637 827 50 
514 899 623 169 40 
378 669 436 644 30 
137 846 952 858 35 
382 288 616 988 30 
656 56 915 333 25 
442 129 524 616 15 
26 396 49 872 25 
665 416 775 202 15 
844 417 755 759 15 
422 999 824 443 25 
793 917 413 733 10 
985 74 175 60 20 
26 395 208 622 10 
72 929 988 291 5 
922 254 8 193 40 
90 803 816 137 35 
299 979 253 289 15 
654 369 602 902 15 
226 274 438 734 50 
453 348 972 134 20 
437 333 518 307 20 
659 144 661 179 30 
645 472 576 907 10 
811 196 628 972 15 
532 716 229 835 30 
296 620 749 158 35 
983 406 526 120 25 
538 588 691 574 30 
942 353 877 104 25 
611 625 852 623 25 
590 135 149 724 15 
741 804 855 328 35 
83 102 779 381 50 
161 99 312 532 15 
959 569 290 405 40 
471 580 228 139 45 
/
SHIP
S ASHIP1 9
S ASHIP2 1
S ASHIP3 7
S ASHIP4 9
S ASHIP5 5
S ASHIP6 6
S ASHIP7 6
W ASHIP8 1
S ASHIP9 9
S ASHIP10 7
S ASHIP11 1
S ASHIP12 6
S ASHIP13 5
S ASHIP14 7
S ASHIP15 3
S ASHIP16 10
S ASHIP17 4
S ASHIP18 3
S ASHIP19 6
S ASHIP20 7
S ASHIP21 4
S ASHIP22 6
S ASHIP23 8
S ASHIP24 3
H BSHIP1 6 9000
H BSHIP2 9 5000
H BSHIP3 3 10000
H BSHIP4 7 9000
H BSHIP5 9 9000
H BSHIP6 6 9000
H BSHIP7 10 10000
H BSHIP8 3 5000
H BSHIP9 10 10000
H BSHIP10 8 9000
H BSHIP11 4 9000
H BSHIP12 4 2000
H BSHIP13 7 1000
H BSHIP14 4 7000
H BSHIP15 1 5000
H BSHIP16 4 9000
H BSHIP17 7 8000
H BSHIP18 1 7000
H BSHIP19 3 6000
H BSHIP20 8 1000
H BSHIP21 7 4000
H BSHIP22 8 9000
H BSHIP23 5 10000
H BSHIP24 1 9000
/
MONE
59
S ASHIP1 26000
S ASHIP2 68000
S ASHIP3 13000
S ASHIP4 35000
S ASHIP5 53000
S ASHIP6 70000
S ASHIP7 63000
S ASHIP8 71000
S ASHIP9 12000
S ASHIP10 36000
S ASHIP11 91000
S ASHIP12 12000
S ASHIP13 65000
S ASHIP14 51000
Q ASHIP15 61000
S ASHIP16 46000
S ASHIP17 68000
S ASHIP18 55000
S ASHIP19 88000
S ASHIP20 18000
S ASHIP21 66000
S ASHIP22 43000
S ASHIP23 89000
S ASHIP24 74000
H BSHIP1 16000
H BSHIP2 80000
H BSHIP3 38000
H BSHIP4 89000
H BSHIP5 70000
H BSHIP6 87000
H BSHIP7 31000
H BSHIP8 10000
H BSHIP9 41000
H BSHIP10 22000
H BSHIP11 20000
H BSHIP12 82000
H BSHIP13 27000
H BSHIP14 21000
H BSHIP15 12000
H BSHIP16 55000
H BSHIP17 94000
H BSHIP18 85000
H BSHIP19 58000
H BSHIP20 100000
H BSHIP21 37000
H BSHIP22 30000
H BSHIP23 51000
H BSHIP24 58000
/
ICEE
0 405 470
3 49 143
8 270 289
8 313 366
6 977 1037
3 153 244
3 576 630
1 134 150
3 193 238
2 747 768
7 344 403
9 885 924
5 107 175
10 50 82
9 20 55
3 792 808
10 29 45
10 758 841
1 135 192
1 271 313
6 877 883
3 686 689
6 718 753
1 428 506
5 101 150
8 385 411
9 737 778
4 593 689
4 493 561
7 935 944
10 381 442
10 584 607
3 731 780
8 606 656
4 40 109
4 588 655
7 400 458
1 938 1001
6 366 424
9 23 52
6 356 426
9 196 279
1 619 665
10 275 344
6 341 438
9 654 712
2 794 885
3 837 837
9 675 711
6 958 1038
4 13 97
7 727 812
2 670 706
9 370 419
6 77 176
2 573 610
4 731 748
10 571 647
3 731 775
9 467 467
10 916 950
2 757 797
2 623 664
10 749 788
4 575 674
2 245 271
10 424 507
6 735 759
4 745 815
3 717 809
1 324 397
1 255 323
7 843 873
1 765 779
5 458 516
8 8 19
1 717 745
1 99 179
1 990 1002
5 64 139
7 682 693
7 868 912
3 436 502
6 988 1026
7 212 259
2 659 711
8 256 266
1 666 716
9 145 170
4 874 948
4 429 465
5 16 74
6 301 362
3 815 889
5 139 221
8 900 975
5 376 376
6 864 901
2 525 554
5 788 882
2 706 781
10 490 574
9 979 1074
5 807 852
1 438 494
3 432 498
2 957 1010
6 955 1044
10 29 57
1 527 621
8 648 702
9 192 222
1 148 204
10 282 325
8 301 394
4 269 362
6 431 523
1 26 68
8 616 677
6 907 927
3 166 187
2 782 788
6 870 885
2 143 206
8 592 627
8 412 493
3 721 773
10 828 858
4 424 523
2 151 245
1 264 347
8 144 232
9 213 215
10 202 255
1 58 133
6 638 661
9 701 706
2 123 210
10 26 56
4 820 855
3 531 605
6 100 171
5 9 39
1 622 658
5 15 67
9 782 815
6 855 915
10 923 965
8 487 530
9 584 673
1 788 886
4 479 486
7 860 907
5 271 353
7 142 190
9 353 402
2 823 848
7 190 229
5 362 437
4 78 163
1 781 858
5 48 118
7 216 245
3 38 53
2 352 414
6 667 695
3 329 388
10 389 475
7 735 775
3 632 717
7 3 64
3 141 191
1 872 933
6 313 378
9 120 130
7 970 991
10 4 18
3 210 279
5 235 306
2 830 912
7 395 446
9 83 93
7 372 467
5 14 66
2 905 917
1 341 416
8 525 536
8 982 1065
10 793 843
5 268 342
1 629 664
3 105 116
7 824 874
10 60 61
8 309 332
7 300 325
6 140 188
2 807 856
7 760 842
10 219 289
10 725 744
5 701 732
2 807 832
9 283 352
5 164 227
2 534 604
2 997 1021
1 67 132
9 379 434
8 661 693
7 160 199
9 237 285
6 404 452
6 221 254
8 241 255
7 362 416
2 454 512
7 784 872
1 116 172
10 429 466
5 389 432
1 101 185
3 987 1023
7 582 610
9 472 565
8 179 262
7 823 920
4 594 595
3 520 523
4 20 52
8 824 857
1 665 697
1 167 233
9 868 894
4 479 523
4 449 482
8 910 950
3 610 637
4 393 480
10 961 1026
/